variables: CosThetamu CosThetamu Pmu Pmu
-1 0.6 0 300
-1 0.6 300 350
-1 0.6 350 400
-1 0.6 400 500
-1 0.6 500 600
-1 0.6 600 650
-1 0.6 650 700
-1 0.6 700 750
-1 0.6 750 800
-1 0.6 800 900
-1 0.6 900 1000
-1 0.6 1000 1100
-1 0.6 1100 1200
-1 0.6 1200 1500
-1 0.6 1500 2000
-1 0.6 2000 3000
-1 0.6 3000 5000
-1 0.6 5000 30000
0.6 0.7 0 300
0.6 0.7 300 350
0.6 0.7 350 400
0.6 0.7 400 500
0.6 0.7 500 600
0.6 0.7 600 650
0.6 0.7 650 700
0.6 0.7 700 750
0.6 0.7 750 800
0.6 0.7 800 900
0.6 0.7 900 1000
0.6 0.7 1000 1100
0.6 0.7 1100 1200
0.6 0.7 1200 1500
0.6 0.7 1500 2000
0.6 0.7 2000 3000
0.6 0.7 3000 5000
0.6 0.7 5000 30000
0.7 0.8 0 300
0.7 0.8 300 350
0.7 0.8 350 400
0.7 0.8 400 500
0.7 0.8 500 600
0.7 0.8 600 650
0.7 0.8 650 700
0.7 0.8 700 750
0.7 0.8 750 800
0.7 0.8 800 900
0.7 0.8 900 1000
0.7 0.8 1000 1100
0.7 0.8 1100 1200
0.7 0.8 1200 1500
0.7 0.8 1500 2000
0.7 0.8 2000 3000
0.7 0.8 3000 5000
0.7 0.8 5000 30000
0.8 0.85 0 300
0.8 0.85 300 350
0.8 0.85 350 400
0.8 0.85 400 500
0.8 0.85 500 600
0.8 0.85 600 650
0.8 0.85 650 700
0.8 0.85 700 750
0.8 0.85 750 800
0.8 0.85 800 900
0.8 0.85 900 1000
0.8 0.85 1000 1100
0.8 0.85 1100 1200
0.8 0.85 1200 1500
0.8 0.85 1500 2000
0.8 0.85 2000 3000
0.8 0.85 3000 5000
0.8 0.85 5000 30000
0.85 0.88 0 300
0.85 0.88 300 350
0.85 0.88 350 400
0.85 0.88 400 500
0.85 0.88 500 600
0.85 0.88 600 650
0.85 0.88 650 700
0.85 0.88 700 750
0.85 0.88 750 800
0.85 0.88 800 900
0.85 0.88 900 1000
0.85 0.88 1000 1100
0.85 0.88 1100 1200
0.85 0.88 1200 1500
0.85 0.88 1500 2000
0.85 0.88 2000 3000
0.85 0.88 3000 5000
0.85 0.88 5000 30000
0.88 0.9 0 300
0.88 0.9 300 350
0.88 0.9 350 400
0.88 0.9 400 500
0.88 0.9 500 600
0.88 0.9 600 650
0.88 0.9 650 700
0.88 0.9 700 750
0.88 0.9 750 800
0.88 0.9 800 900
0.88 0.9 900 1000
0.88 0.9 1000 1100
0.88 0.9 1100 1200
0.88 0.9 1200 1500
0.88 0.9 1500 2000
0.88 0.9 2000 3000
0.88 0.9 3000 5000
0.88 0.9 5000 30000
0.9 0.92 0 300
0.9 0.92 300 350
0.9 0.92 350 400
0.9 0.92 400 500
0.9 0.92 500 600
0.9 0.92 600 650
0.9 0.92 650 700
0.9 0.92 700 750
0.9 0.92 750 800
0.9 0.92 800 900
0.9 0.92 900 1000
0.9 0.92 1000 1100
0.9 0.92 1100 1200
0.9 0.92 1200 1500
0.9 0.92 1500 2000
0.9 0.92 2000 3000
0.9 0.92 3000 5000
0.9 0.92 5000 30000
0.92 0.93 0 300
0.92 0.93 300 350
0.92 0.93 350 400
0.92 0.93 400 500
0.92 0.93 500 600
0.92 0.93 600 650
0.92 0.93 650 700
0.92 0.93 700 750
0.92 0.93 750 800
0.92 0.93 800 900
0.92 0.93 900 1000
0.92 0.93 1000 1100
0.92 0.93 1100 1200
0.92 0.93 1200 1500
0.92 0.93 1500 2000
0.92 0.93 2000 3000
0.92 0.93 3000 5000
0.92 0.93 5000 30000
0.93 0.94 0 300
0.93 0.94 300 350
0.93 0.94 350 400
0.93 0.94 400 500
0.93 0.94 500 600
0.93 0.94 600 650
0.93 0.94 650 700
0.93 0.94 700 750
0.93 0.94 750 800
0.93 0.94 800 900
0.93 0.94 900 1000
0.93 0.94 1000 1100
0.93 0.94 1100 1200
0.93 0.94 1200 1500
0.93 0.94 1500 2000
0.93 0.94 2000 3000
0.93 0.94 3000 5000
0.93 0.94 5000 30000
0.94 0.95 0 300
0.94 0.95 300 350
0.94 0.95 350 400
0.94 0.95 400 500
0.94 0.95 500 600
0.94 0.95 600 650
0.94 0.95 650 700
0.94 0.95 700 750
0.94 0.95 750 800
0.94 0.95 800 900
0.94 0.95 900 1000
0.94 0.95 1000 1100
0.94 0.95 1100 1200
0.94 0.95 1200 1500
0.94 0.95 1500 2000
0.94 0.95 2000 3000
0.94 0.95 3000 5000
0.94 0.95 5000 30000
0.95 0.96 0 300
0.95 0.96 300 350
0.95 0.96 350 400
0.95 0.96 400 500
0.95 0.96 500 600
0.95 0.96 600 650
0.95 0.96 650 700
0.95 0.96 700 750
0.95 0.96 750 800
0.95 0.96 800 900
0.95 0.96 900 1000
0.95 0.96 1000 1100
0.95 0.96 1100 1200
0.95 0.96 1200 1500
0.95 0.96 1500 2000
0.95 0.96 2000 3000
0.95 0.96 3000 5000
0.95 0.96 5000 30000
0.96 0.97 0 300
0.96 0.97 300 350
0.96 0.97 350 400
0.96 0.97 400 500
0.96 0.97 500 600
0.96 0.97 600 650
0.96 0.97 650 700
0.96 0.97 700 750
0.96 0.97 750 800
0.96 0.97 800 900
0.96 0.97 900 1000
0.96 0.97 1000 1100
0.96 0.97 1100 1200
0.96 0.97 1200 1500
0.96 0.97 1500 2000
0.96 0.97 2000 3000
0.96 0.97 3000 5000
0.96 0.97 5000 30000
0.97 0.98 0 300
0.97 0.98 300 350
0.97 0.98 350 400
0.97 0.98 400 500
0.97 0.98 500 600
0.97 0.98 600 650
0.97 0.98 650 700
0.97 0.98 700 750
0.97 0.98 750 800
0.97 0.98 800 900
0.97 0.98 900 1000
0.97 0.98 1000 1100
0.97 0.98 1100 1200
0.97 0.98 1200 1500
0.97 0.98 1500 2000
0.97 0.98 2000 3000
0.97 0.98 3000 5000
0.97 0.98 5000 30000
0.98 0.99 0 300
0.98 0.99 300 350
0.98 0.99 350 400
0.98 0.99 400 500
0.98 0.99 500 600
0.98 0.99 600 650
0.98 0.99 650 700
0.98 0.99 700 750
0.98 0.99 750 800
0.98 0.99 800 900
0.98 0.99 900 1000
0.98 0.99 1000 1100
0.98 0.99 1100 1200
0.98 0.99 1200 1500
0.98 0.99 1500 2000
0.98 0.99 2000 3000
0.98 0.99 3000 5000
0.98 0.99 5000 30000
0.99 0.995 0 300
0.99 0.995 300 350
0.99 0.995 350 400
0.99 0.995 400 500
0.99 0.995 500 600
0.99 0.995 600 650
0.99 0.995 650 700
0.99 0.995 700 750
0.99 0.995 750 800
0.99 0.995 800 900
0.99 0.995 900 1000
0.99 0.995 1000 1100
0.99 0.995 1100 1200
0.99 0.995 1200 1500
0.99 0.995 1500 2000
0.99 0.995 2000 3000
0.99 0.995 3000 5000
0.99 0.995 5000 30000
0.995 1 0 300
0.995 1 300 350
0.995 1 350 400
0.995 1 400 500
0.995 1 500 600
0.995 1 600 650
0.995 1 650 700
0.995 1 700 750
0.995 1 750 800
0.995 1 800 900
0.995 1 900 1000
0.995 1 1000 1100
0.995 1 1100 1200
0.995 1 1200 1500
0.995 1 1500 2000
0.995 1 2000 3000
0.995 1 3000 5000
0.995 1 5000 30000
