variables: CosThetamu CosThetamu Pmu Pmu
-1 0.7 0 500
-1 0.7 500 700
-1 0.7 700 900
-1 0.7 900 1300
-1 0.7 1300 2500
-1 0.7 2500 30000
0.7 0.8 0 500
0.7 0.8 500 700
0.7 0.8 700 900
0.7 0.8 900 1300
0.7 0.8 1300 2500
0.7 0.8 2500 30000
0.8 0.9 0 500
0.8 0.9 500 700
0.8 0.9 700 900
0.8 0.9 900 1300
0.8 0.9 1300 2500
0.8 0.9 2500 30000
0.9 0.94 0 500
0.9 0.94 500 700
0.9 0.94 700 900
0.9 0.94 900 1300
0.9 0.94 1300 2500
0.9 0.94 2500 30000
0.94 0.96 0 500
0.94 0.96 500 700
0.94 0.96 700 900
0.94 0.96 900 1300
0.94 0.96 1300 2500
0.94 0.96 2500 30000
0.96 0.98 0 500
0.96 0.98 500 700
0.96 0.98 700 900
0.96 0.98 900 1300
0.96 0.98 1300 2500
0.96 0.98 2500 30000
0.98 0.99 0 500
0.98 0.99 500 700
0.98 0.99 700 900
0.98 0.99 900 1300
0.98 0.99 1300 2500
0.98 0.99 2500 30000
0.99 1 0 500
0.99 1 500 700
0.99 1 700 900
0.99 1 900 1300
0.99 1 1300 2500
0.99 1 2500 30000
