variables: CosThetamu CosThetamu Pmu Pmu
-1 0.7 0 300
-1 0.7 300 500
-1 0.7 500 700
-1 0.7 700 800
-1 0.7 800 900
-1 0.7 900 1250
-1 0.7 1250 1500
-1 0.7 1500 2000
-1 0.7 2000 4000
-1 0.7 4000 30000
0.7 0.8 0 300
0.7 0.8 300 500
0.7 0.8 500 700
0.7 0.8 700 800
0.7 0.8 800 900
0.7 0.8 900 1250
0.7 0.8 1250 1500
0.7 0.8 1500 2000
0.7 0.8 2000 4000
0.7 0.8 4000 30000
0.8 0.85 0 300
0.8 0.85 300 500
0.8 0.85 500 700
0.8 0.85 700 800
0.8 0.85 800 900
0.8 0.85 900 1250
0.8 0.85 1250 1500
0.8 0.85 1500 2000
0.8 0.85 2000 4000
0.8 0.85 4000 30000
0.85 0.88 0 300
0.85 0.88 300 500
0.85 0.88 500 700
0.85 0.88 700 800
0.85 0.88 800 900
0.85 0.88 900 1250
0.85 0.88 1250 1500
0.85 0.88 1500 2000
0.85 0.88 2000 4000
0.85 0.88 4000 30000
0.88 0.9 0 300
0.88 0.9 300 500
0.88 0.9 500 700
0.88 0.9 700 800
0.88 0.9 800 900
0.88 0.9 900 1250
0.88 0.9 1250 1500
0.88 0.9 1500 2000
0.88 0.9 2000 4000
0.88 0.9 4000 30000
0.9 0.92 0 300
0.9 0.92 300 500
0.9 0.92 500 700
0.9 0.92 700 800
0.9 0.92 800 900
0.9 0.92 900 1250
0.9 0.92 1250 1500
0.9 0.92 1500 2000
0.9 0.92 2000 4000
0.9 0.92 4000 30000
0.92 0.94 0 300
0.92 0.94 300 500
0.92 0.94 500 700
0.92 0.94 700 800
0.92 0.94 800 900
0.92 0.94 900 1250
0.92 0.94 1250 1500
0.92 0.94 1500 2000
0.92 0.94 2000 4000
0.92 0.94 4000 30000
0.94 0.96 0 300
0.94 0.96 300 500
0.94 0.96 500 700
0.94 0.96 700 800
0.94 0.96 800 900
0.94 0.96 900 1250
0.94 0.96 1250 1500
0.94 0.96 1500 2000
0.94 0.96 2000 4000
0.94 0.96 4000 30000
0.96 0.97 0 300
0.96 0.97 300 500
0.96 0.97 500 700
0.96 0.97 700 800
0.96 0.97 800 900
0.96 0.97 900 1250
0.96 0.97 1250 1500
0.96 0.97 1500 2000
0.96 0.97 2000 4000
0.96 0.97 4000 30000
0.97 0.98 0 300
0.97 0.98 300 500
0.97 0.98 500 700
0.97 0.98 700 800
0.97 0.98 800 900
0.97 0.98 900 1250
0.97 0.98 1250 1500
0.97 0.98 1500 2000
0.97 0.98 2000 4000
0.97 0.98 4000 30000
0.98 0.99 0 300
0.98 0.99 300 500
0.98 0.99 500 700
0.98 0.99 700 800
0.98 0.99 800 900
0.98 0.99 900 1250
0.98 0.99 1250 1500
0.98 0.99 1500 2000
0.98 0.99 2000 4000
0.98 0.99 4000 30000
0.99 1 0 300
0.99 1 300 500
0.99 1 500 700
0.99 1 700 800
0.99 1 800 900
0.99 1 900 1250
0.99 1 1250 1500
0.99 1 1500 2000
0.99 1 2000 4000
0.99 1 4000 30000
