variables: SelectedSample NeutrinoCode TgtMat ReactionCode q3 q3 Pmu Pmu CosThetamu CosThetamu
59 -14 12 -1 0 4000 0 300 -1 0.6
59 -14 12 -1 0 4000 0 300 0.6 0.7
59 -14 12 -1 0 4000 0 300 0.7 0.8
59 -14 12 -1 0 4000 0 300 0.8 0.85
59 -14 12 -1 0 4000 0 300 0.85 0.9
59 -14 12 -1 0 4000 0 300 0.9 0.92
59 -14 12 -1 0 4000 0 300 0.92 0.93
59 -14 12 -1 0 4000 0 300 0.93 0.94
59 -14 12 -1 0 4000 0 300 0.94 0.95
59 -14 12 -1 0 4000 0 300 0.95 0.96
59 -14 12 -1 0 4000 0 300 0.98 0.985
59 -14 12 -1 0 4000 0 300 0.99 0.995
59 -14 12 -1 0 4000 300 400 -1 0.6
59 -14 12 -1 0 4000 300 400 0.6 0.7
59 -14 12 -1 0 4000 300 400 0.7 0.8
59 -14 12 -1 0 4000 300 400 0.8 0.85
59 -14 12 -1 0 4000 300 400 0.85 0.9
59 -14 12 -1 0 4000 300 400 0.9 0.92
59 -14 12 -1 0 4000 300 400 0.92 0.93
59 -14 12 -1 0 4000 300 400 0.93 0.94
59 -14 12 -1 0 4000 300 400 0.94 0.95
59 -14 12 -1 0 4000 300 400 0.95 0.96
59 -14 12 -1 0 4000 300 400 0.96 0.965
59 -14 12 -1 0 4000 300 400 0.965 0.97
59 -14 12 -1 0 4000 300 400 0.97 0.975
59 -14 12 -1 0 4000 300 400 0.975 0.98
59 -14 12 -1 0 4000 300 400 0.98 0.985
59 -14 12 -1 0 4000 300 400 0.985 0.99
59 -14 12 -1 0 4000 300 400 0.99 0.995
59 -14 12 -1 0 4000 300 400 0.995 1
59 -14 12 -1 0 4000 400 500 -1 0.6
59 -14 12 -1 0 4000 400 500 0.6 0.7
59 -14 12 -1 0 4000 400 500 0.7 0.8
59 -14 12 -1 0 4000 400 500 0.8 0.85
59 -14 12 -1 0 4000 400 500 0.85 0.9
59 -14 12 -1 0 4000 400 500 0.9 0.92
59 -14 12 -1 0 4000 400 500 0.92 0.93
59 -14 12 -1 0 4000 400 500 0.93 0.94
59 -14 12 -1 0 4000 400 500 0.94 0.95
59 -14 12 -1 0 4000 400 500 0.95 0.96
59 -14 12 -1 0 4000 400 500 0.96 0.965
59 -14 12 -1 0 4000 400 500 0.965 0.97
59 -14 12 -1 0 4000 400 500 0.97 0.975
59 -14 12 -1 0 4000 400 500 0.975 0.98
59 -14 12 -1 0 4000 400 500 0.98 0.985
59 -14 12 -1 0 4000 400 500 0.985 0.99
59 -14 12 -1 0 4000 400 500 0.99 0.995
59 -14 12 -1 0 4000 400 500 0.995 1
59 -14 12 -1 0 4000 500 550 -1 0.6
59 -14 12 -1 0 4000 500 550 0.6 0.7
59 -14 12 -1 0 4000 500 550 0.7 0.8
59 -14 12 -1 0 4000 500 550 0.8 0.85
59 -14 12 -1 0 4000 500 550 0.85 0.9
59 -14 12 -1 0 4000 500 550 0.9 0.92
59 -14 12 -1 0 4000 500 550 0.92 0.93
59 -14 12 -1 0 4000 500 550 0.93 0.94
59 -14 12 -1 0 4000 500 550 0.94 0.95
59 -14 12 -1 0 4000 500 550 0.95 0.96
59 -14 12 -1 0 4000 500 550 0.96 0.965
59 -14 12 -1 0 4000 500 550 0.965 0.97
59 -14 12 -1 0 4000 500 550 0.97 0.975
59 -14 12 -1 0 4000 500 550 0.975 0.98
59 -14 12 -1 0 4000 500 550 0.98 0.985
59 -14 12 -1 0 4000 500 550 0.985 0.99
59 -14 12 -1 0 4000 500 550 0.99 0.995
59 -14 12 -1 0 4000 500 550 0.995 1
59 -14 12 -1 0 4000 550 600 -1 0.6
59 -14 12 -1 0 4000 550 600 0.6 0.7
59 -14 12 -1 0 4000 550 600 0.7 0.8
59 -14 12 -1 0 4000 550 600 0.8 0.85
59 -14 12 -1 0 4000 550 600 0.85 0.9
59 -14 12 -1 0 4000 550 600 0.9 0.92
59 -14 12 -1 0 4000 550 600 0.92 0.93
59 -14 12 -1 0 4000 550 600 0.93 0.94
59 -14 12 -1 0 4000 550 600 0.94 0.95
59 -14 12 -1 0 4000 550 600 0.95 0.96
59 -14 12 -1 0 4000 550 600 0.96 0.965
59 -14 12 -1 0 4000 550 600 0.965 0.97
59 -14 12 -1 0 4000 550 600 0.97 0.975
59 -14 12 -1 0 4000 550 600 0.975 0.98
59 -14 12 -1 0 4000 550 600 0.98 0.985
59 -14 12 -1 0 4000 550 600 0.985 0.99
59 -14 12 -1 0 4000 550 600 0.99 0.995
59 -14 12 -1 0 4000 550 600 0.995 1
59 -14 12 -1 0 4000 600 650 -1 0.6
59 -14 12 -1 0 4000 600 650 0.6 0.7
59 -14 12 -1 0 4000 600 650 0.7 0.8
59 -14 12 -1 0 4000 600 650 0.8 0.85
59 -14 12 -1 0 4000 600 650 0.85 0.9
59 -14 12 -1 0 4000 600 650 0.9 0.92
59 -14 12 -1 0 4000 600 650 0.92 0.93
59 -14 12 -1 0 4000 600 650 0.93 0.94
59 -14 12 -1 0 4000 600 650 0.94 0.95
59 -14 12 -1 0 4000 600 650 0.95 0.96
59 -14 12 -1 0 4000 600 650 0.96 0.965
59 -14 12 -1 0 4000 600 650 0.965 0.97
59 -14 12 -1 0 4000 600 650 0.97 0.975
59 -14 12 -1 0 4000 600 650 0.975 0.98
59 -14 12 -1 0 4000 600 650 0.98 0.985
59 -14 12 -1 0 4000 600 650 0.985 0.99
59 -14 12 -1 0 4000 600 650 0.99 0.995
59 -14 12 -1 0 4000 600 650 0.995 1
59 -14 12 -1 0 4000 650 700 -1 0.6
59 -14 12 -1 0 4000 650 700 0.6 0.7
59 -14 12 -1 0 4000 650 700 0.7 0.8
59 -14 12 -1 0 4000 650 700 0.8 0.85
59 -14 12 -1 0 4000 650 700 0.85 0.9
59 -14 12 -1 0 4000 650 700 0.9 0.92
59 -14 12 -1 0 4000 650 700 0.92 0.93
59 -14 12 -1 0 4000 650 700 0.93 0.94
59 -14 12 -1 0 4000 650 700 0.94 0.95
59 -14 12 -1 0 4000 650 700 0.95 0.96
59 -14 12 -1 0 4000 650 700 0.96 0.965
59 -14 12 -1 0 4000 650 700 0.965 0.97
59 -14 12 -1 0 4000 650 700 0.97 0.975
59 -14 12 -1 0 4000 650 700 0.975 0.98
59 -14 12 -1 0 4000 650 700 0.98 0.985
59 -14 12 -1 0 4000 650 700 0.985 0.99
59 -14 12 -1 0 4000 650 700 0.99 0.995
59 -14 12 -1 0 4000 650 700 0.995 1
59 -14 12 -1 0 4000 700 750 -1 0.6
59 -14 12 -1 0 4000 700 750 0.6 0.7
59 -14 12 -1 0 4000 700 750 0.7 0.8
59 -14 12 -1 0 4000 700 750 0.8 0.85
59 -14 12 -1 0 4000 700 750 0.85 0.9
59 -14 12 -1 0 4000 700 750 0.9 0.92
59 -14 12 -1 0 4000 700 750 0.92 0.93
59 -14 12 -1 0 4000 700 750 0.93 0.94
59 -14 12 -1 0 4000 700 750 0.94 0.95
59 -14 12 -1 0 4000 700 750 0.95 0.96
59 -14 12 -1 0 4000 700 750 0.96 0.965
59 -14 12 -1 0 4000 700 750 0.965 0.97
59 -14 12 -1 0 4000 700 750 0.97 0.975
59 -14 12 -1 0 4000 700 750 0.975 0.98
59 -14 12 -1 0 4000 700 750 0.98 0.985
59 -14 12 -1 0 4000 700 750 0.985 0.99
59 -14 12 -1 0 4000 700 750 0.99 0.995
59 -14 12 -1 0 4000 700 750 0.995 1
59 -14 12 -1 0 4000 750 800 -1 0.6
59 -14 12 -1 0 4000 750 800 0.6 0.7
59 -14 12 -1 0 4000 750 800 0.7 0.8
59 -14 12 -1 0 4000 750 800 0.8 0.85
59 -14 12 -1 0 4000 750 800 0.85 0.9
59 -14 12 -1 0 4000 750 800 0.9 0.92
59 -14 12 -1 0 4000 750 800 0.92 0.93
59 -14 12 -1 0 4000 750 800 0.93 0.94
59 -14 12 -1 0 4000 750 800 0.94 0.95
59 -14 12 -1 0 4000 750 800 0.95 0.96
59 -14 12 -1 0 4000 750 800 0.96 0.965
59 -14 12 -1 0 4000 750 800 0.965 0.97
59 -14 12 -1 0 4000 750 800 0.97 0.975
59 -14 12 -1 0 4000 750 800 0.975 0.98
59 -14 12 -1 0 4000 750 800 0.98 0.985
59 -14 12 -1 0 4000 750 800 0.985 0.99
59 -14 12 -1 0 4000 750 800 0.99 0.995
59 -14 12 -1 0 4000 750 800 0.995 1
59 -14 12 -1 0 4000 800 900 -1 0.6
59 -14 12 -1 0 4000 800 900 0.6 0.7
59 -14 12 -1 0 4000 800 900 0.7 0.8
59 -14 12 -1 0 4000 800 900 0.8 0.85
59 -14 12 -1 0 4000 800 900 0.85 0.9
59 -14 12 -1 0 4000 800 900 0.9 0.92
59 -14 12 -1 0 4000 800 900 0.92 0.93
59 -14 12 -1 0 4000 800 900 0.93 0.94
59 -14 12 -1 0 4000 800 900 0.94 0.95
59 -14 12 -1 0 4000 800 900 0.95 0.96
59 -14 12 -1 0 4000 800 900 0.96 0.965
59 -14 12 -1 0 4000 800 900 0.965 0.97
59 -14 12 -1 0 4000 800 900 0.97 0.975
59 -14 12 -1 0 4000 800 900 0.975 0.98
59 -14 12 -1 0 4000 800 900 0.98 0.985
59 -14 12 -1 0 4000 800 900 0.985 0.99
59 -14 12 -1 0 4000 800 900 0.99 0.995
59 -14 12 -1 0 4000 800 900 0.995 1
59 -14 12 -1 0 4000 900 1000 -1 0.6
59 -14 12 -1 0 4000 900 1000 0.6 0.7
59 -14 12 -1 0 4000 900 1000 0.7 0.8
59 -14 12 -1 0 4000 900 1000 0.8 0.85
59 -14 12 -1 0 4000 900 1000 0.85 0.9
59 -14 12 -1 0 4000 900 1000 0.9 0.92
59 -14 12 -1 0 4000 900 1000 0.92 0.93
59 -14 12 -1 0 4000 900 1000 0.93 0.94
59 -14 12 -1 0 4000 900 1000 0.94 0.95
59 -14 12 -1 0 4000 900 1000 0.95 0.96
59 -14 12 -1 0 4000 900 1000 0.96 0.965
59 -14 12 -1 0 4000 900 1000 0.965 0.97
59 -14 12 -1 0 4000 900 1000 0.97 0.975
59 -14 12 -1 0 4000 900 1000 0.975 0.98
59 -14 12 -1 0 4000 900 1000 0.98 0.985
59 -14 12 -1 0 4000 900 1000 0.985 0.99
59 -14 12 -1 0 4000 900 1000 0.99 0.995
59 -14 12 -1 0 4000 900 1000 0.995 1
59 -14 12 -1 0 4000 1000 1100 0.6 0.7
59 -14 12 -1 0 4000 1000 1100 0.7 0.8
59 -14 12 -1 0 4000 1000 1100 0.8 0.85
59 -14 12 -1 0 4000 1000 1100 0.85 0.9
59 -14 12 -1 0 4000 1000 1100 0.9 0.92
59 -14 12 -1 0 4000 1000 1100 0.92 0.93
59 -14 12 -1 0 4000 1000 1100 0.93 0.94
59 -14 12 -1 0 4000 1000 1100 0.94 0.95
59 -14 12 -1 0 4000 1000 1100 0.95 0.96
59 -14 12 -1 0 4000 1000 1100 0.96 0.965
59 -14 12 -1 0 4000 1000 1100 0.965 0.97
59 -14 12 -1 0 4000 1000 1100 0.97 0.975
59 -14 12 -1 0 4000 1000 1100 0.975 0.98
59 -14 12 -1 0 4000 1000 1100 0.98 0.985
59 -14 12 -1 0 4000 1000 1100 0.985 0.99
59 -14 12 -1 0 4000 1000 1100 0.99 0.995
59 -14 12 -1 0 4000 1000 1100 0.995 1
59 -14 12 -1 0 4000 1100 1200 0.6 0.7
59 -14 12 -1 0 4000 1100 1200 0.7 0.8
59 -14 12 -1 0 4000 1100 1200 0.8 0.85
59 -14 12 -1 0 4000 1100 1200 0.85 0.9
59 -14 12 -1 0 4000 1100 1200 0.9 0.92
59 -14 12 -1 0 4000 1100 1200 0.92 0.93
59 -14 12 -1 0 4000 1100 1200 0.93 0.94
59 -14 12 -1 0 4000 1100 1200 0.94 0.95
59 -14 12 -1 0 4000 1100 1200 0.95 0.96
59 -14 12 -1 0 4000 1100 1200 0.96 0.965
59 -14 12 -1 0 4000 1100 1200 0.965 0.97
59 -14 12 -1 0 4000 1100 1200 0.97 0.975
59 -14 12 -1 0 4000 1100 1200 0.975 0.98
59 -14 12 -1 0 4000 1100 1200 0.98 0.985
59 -14 12 -1 0 4000 1100 1200 0.985 0.99
59 -14 12 -1 0 4000 1100 1200 0.99 0.995
59 -14 12 -1 0 4000 1100 1200 0.995 1
59 -14 12 -1 0 4000 1200 1500 -1 0.6
59 -14 12 -1 0 4000 1200 1500 0.7 0.8
59 -14 12 -1 0 4000 1200 1500 0.8 0.85
59 -14 12 -1 0 4000 1200 1500 0.85 0.9
59 -14 12 -1 0 4000 1200 1500 0.9 0.92
59 -14 12 -1 0 4000 1200 1500 0.92 0.93
59 -14 12 -1 0 4000 1200 1500 0.93 0.94
59 -14 12 -1 0 4000 1200 1500 0.94 0.95
59 -14 12 -1 0 4000 1200 1500 0.95 0.96
59 -14 12 -1 0 4000 1200 1500 0.96 0.965
59 -14 12 -1 0 4000 1200 1500 0.965 0.97
59 -14 12 -1 0 4000 1200 1500 0.97 0.975
59 -14 12 -1 0 4000 1200 1500 0.975 0.98
59 -14 12 -1 0 4000 1200 1500 0.98 0.985
59 -14 12 -1 0 4000 1200 1500 0.985 0.99
59 -14 12 -1 0 4000 1200 1500 0.99 0.995
59 -14 12 -1 0 4000 1200 1500 0.995 1
59 -14 12 -1 0 4000 1500 2000 0.7 0.8
59 -14 12 -1 0 4000 1500 2000 0.8 0.85
59 -14 12 -1 0 4000 1500 2000 0.85 0.9
59 -14 12 -1 0 4000 1500 2000 0.9 0.92
59 -14 12 -1 0 4000 1500 2000 0.92 0.93
59 -14 12 -1 0 4000 1500 2000 0.93 0.94
59 -14 12 -1 0 4000 1500 2000 0.94 0.95
59 -14 12 -1 0 4000 1500 2000 0.95 0.96
59 -14 12 -1 0 4000 1500 2000 0.96 0.965
59 -14 12 -1 0 4000 1500 2000 0.965 0.97
59 -14 12 -1 0 4000 1500 2000 0.97 0.975
59 -14 12 -1 0 4000 1500 2000 0.975 0.98
59 -14 12 -1 0 4000 1500 2000 0.98 0.985
59 -14 12 -1 0 4000 1500 2000 0.985 0.99
59 -14 12 -1 0 4000 1500 2000 0.99 0.995
59 -14 12 -1 0 4000 1500 2000 0.995 1
59 -14 12 -1 0 4000 2000 4000 0.7 0.8
59 -14 12 -1 0 4000 2000 4000 0.8 0.85
59 -14 12 -1 0 4000 2000 4000 0.85 0.9
59 -14 12 -1 0 4000 2000 4000 0.9 0.92
59 -14 12 -1 0 4000 2000 4000 0.92 0.93
59 -14 12 -1 0 4000 2000 4000 0.93 0.94
59 -14 12 -1 0 4000 2000 4000 0.94 0.95
59 -14 12 -1 0 4000 2000 4000 0.95 0.96
59 -14 12 -1 0 4000 2000 4000 0.96 0.965
59 -14 12 -1 0 4000 2000 4000 0.965 0.97
59 -14 12 -1 0 4000 2000 4000 0.97 0.975
59 -14 12 -1 0 4000 2000 4000 0.975 0.98
59 -14 12 -1 0 4000 2000 4000 0.98 0.985
59 -14 12 -1 0 4000 2000 4000 0.985 0.99
59 -14 12 -1 0 4000 2000 4000 0.99 0.995
59 -14 12 -1 0 4000 2000 4000 0.995 1
59 -14 12 -1 0 4000 4000 30000 0.85 0.9
59 -14 12 -1 0 4000 4000 30000 0.95 0.96
59 -14 12 -1 0 4000 4000 30000 0.96 0.965
59 -14 12 -1 0 4000 4000 30000 0.965 0.97
59 -14 12 -1 0 4000 4000 30000 0.97 0.975
59 -14 12 -1 0 4000 4000 30000 0.975 0.98
59 -14 12 -1 0 4000 4000 30000 0.98 0.985
59 -14 12 -1 0 4000 4000 30000 0.985 0.99
59 -14 12 -1 0 4000 4000 30000 0.99 0.995
59 -14 12 -1 0 4000 4000 30000 0.995 1
61 -14 12 -1 0 4000 0 600 -1 0.7
61 -14 12 -1 0 4000 0 600 0.7 0.8
61 -14 12 -1 0 4000 0 600 0.8 0.85
61 -14 12 -1 0 4000 0 600 0.85 0.9
61 -14 12 -1 0 4000 600 800 0.85 0.9
61 -14 12 -1 0 4000 600 800 0.9 0.93
61 -14 12 -1 0 4000 1500 2000 0.95 0.97
61 -14 12 -1 0 4000 1500 2000 0.98 0.99
61 -14 12 -1 0 4000 1500 2000 0.99 1
61 -14 12 -1 0 4000 2000 4000 0.93 0.95
61 -14 12 -1 0 4000 2000 4000 0.95 0.97
61 -14 12 -1 0 4000 2000 4000 0.98 0.99
61 -14 12 -1 0 4000 2000 4000 0.99 1
65 -14 12 -1 0 4000 0 300 -1 0.6
65 -14 12 -1 0 4000 0 300 0.6 0.7
65 -14 12 -1 0 4000 0 300 0.7 0.8
65 -14 12 -1 0 4000 0 300 0.8 0.85
65 -14 12 -1 0 4000 0 300 0.85 0.9
65 -14 12 -1 0 4000 0 300 0.9 0.92
65 -14 12 -1 0 4000 0 300 0.92 0.93
65 -14 12 -1 0 4000 0 300 0.93 0.94
65 -14 12 -1 0 4000 0 300 0.94 0.95
65 -14 12 -1 0 4000 0 300 0.95 0.96
65 -14 12 -1 0 4000 300 400 -1 0.6
65 -14 12 -1 0 4000 300 400 0.6 0.7
65 -14 12 -1 0 4000 300 400 0.7 0.8
65 -14 12 -1 0 4000 300 400 0.8 0.85
65 -14 12 -1 0 4000 300 400 0.85 0.9
65 -14 12 -1 0 4000 300 400 0.9 0.92
65 -14 12 -1 0 4000 300 400 0.92 0.93
65 -14 12 -1 0 4000 300 400 0.93 0.94
65 -14 12 -1 0 4000 300 400 0.94 0.95
65 -14 12 -1 0 4000 300 400 0.95 0.96
65 -14 12 -1 0 4000 300 400 0.96 0.965
65 -14 12 -1 0 4000 300 400 0.965 0.97
65 -14 12 -1 0 4000 300 400 0.97 0.975
65 -14 12 -1 0 4000 300 400 0.975 0.98
65 -14 12 -1 0 4000 300 400 0.98 0.985
65 -14 12 -1 0 4000 300 400 0.985 0.99
65 -14 12 -1 0 4000 300 400 0.99 0.995
65 -14 12 -1 0 4000 300 400 0.995 1
65 -14 12 -1 0 4000 400 500 -1 0.6
65 -14 12 -1 0 4000 400 500 0.6 0.7
65 -14 12 -1 0 4000 400 500 0.7 0.8
65 -14 12 -1 0 4000 400 500 0.8 0.85
65 -14 12 -1 0 4000 400 500 0.85 0.9
65 -14 12 -1 0 4000 400 500 0.9 0.92
65 -14 12 -1 0 4000 400 500 0.92 0.93
65 -14 12 -1 0 4000 400 500 0.93 0.94
65 -14 12 -1 0 4000 400 500 0.94 0.95
65 -14 12 -1 0 4000 400 500 0.95 0.96
65 -14 12 -1 0 4000 400 500 0.96 0.965
65 -14 12 -1 0 4000 400 500 0.965 0.97
65 -14 12 -1 0 4000 400 500 0.97 0.975
65 -14 12 -1 0 4000 400 500 0.975 0.98
65 -14 12 -1 0 4000 400 500 0.98 0.985
65 -14 12 -1 0 4000 400 500 0.985 0.99
65 -14 12 -1 0 4000 400 500 0.99 0.995
65 -14 12 -1 0 4000 400 500 0.995 1
65 -14 12 -1 0 4000 500 550 -1 0.6
65 -14 12 -1 0 4000 500 550 0.6 0.7
65 -14 12 -1 0 4000 500 550 0.7 0.8
65 -14 12 -1 0 4000 500 550 0.8 0.85
65 -14 12 -1 0 4000 500 550 0.85 0.9
65 -14 12 -1 0 4000 500 550 0.9 0.92
65 -14 12 -1 0 4000 500 550 0.92 0.93
65 -14 12 -1 0 4000 500 550 0.93 0.94
65 -14 12 -1 0 4000 500 550 0.94 0.95
65 -14 12 -1 0 4000 500 550 0.95 0.96
65 -14 12 -1 0 4000 500 550 0.96 0.965
65 -14 12 -1 0 4000 500 550 0.965 0.97
65 -14 12 -1 0 4000 500 550 0.97 0.975
65 -14 12 -1 0 4000 500 550 0.975 0.98
65 -14 12 -1 0 4000 500 550 0.98 0.985
65 -14 12 -1 0 4000 500 550 0.985 0.99
65 -14 12 -1 0 4000 500 550 0.99 0.995
65 -14 12 -1 0 4000 500 550 0.995 1
65 -14 12 -1 0 4000 550 600 -1 0.6
65 -14 12 -1 0 4000 550 600 0.6 0.7
65 -14 12 -1 0 4000 550 600 0.7 0.8
65 -14 12 -1 0 4000 550 600 0.8 0.85
65 -14 12 -1 0 4000 550 600 0.85 0.9
65 -14 12 -1 0 4000 550 600 0.9 0.92
65 -14 12 -1 0 4000 550 600 0.92 0.93
65 -14 12 -1 0 4000 550 600 0.93 0.94
65 -14 12 -1 0 4000 550 600 0.94 0.95
65 -14 12 -1 0 4000 550 600 0.95 0.96
65 -14 12 -1 0 4000 550 600 0.96 0.965
65 -14 12 -1 0 4000 550 600 0.965 0.97
65 -14 12 -1 0 4000 550 600 0.97 0.975
65 -14 12 -1 0 4000 550 600 0.975 0.98
65 -14 12 -1 0 4000 550 600 0.98 0.985
65 -14 12 -1 0 4000 550 600 0.985 0.99
65 -14 12 -1 0 4000 550 600 0.99 0.995
65 -14 12 -1 0 4000 550 600 0.995 1
65 -14 12 -1 0 4000 600 650 -1 0.6
65 -14 12 -1 0 4000 600 650 0.6 0.7
65 -14 12 -1 0 4000 600 650 0.7 0.8
65 -14 12 -1 0 4000 600 650 0.8 0.85
65 -14 12 -1 0 4000 600 650 0.85 0.9
65 -14 12 -1 0 4000 600 650 0.9 0.92
65 -14 12 -1 0 4000 600 650 0.92 0.93
65 -14 12 -1 0 4000 600 650 0.93 0.94
65 -14 12 -1 0 4000 600 650 0.94 0.95
65 -14 12 -1 0 4000 600 650 0.95 0.96
65 -14 12 -1 0 4000 600 650 0.96 0.965
65 -14 12 -1 0 4000 600 650 0.965 0.97
65 -14 12 -1 0 4000 600 650 0.97 0.975
65 -14 12 -1 0 4000 600 650 0.975 0.98
65 -14 12 -1 0 4000 600 650 0.98 0.985
65 -14 12 -1 0 4000 600 650 0.985 0.99
65 -14 12 -1 0 4000 600 650 0.99 0.995
65 -14 12 -1 0 4000 600 650 0.995 1
65 -14 12 -1 0 4000 650 700 -1 0.6
65 -14 12 -1 0 4000 650 700 0.6 0.7
65 -14 12 -1 0 4000 650 700 0.7 0.8
65 -14 12 -1 0 4000 650 700 0.8 0.85
65 -14 12 -1 0 4000 650 700 0.85 0.9
65 -14 12 -1 0 4000 650 700 0.9 0.92
65 -14 12 -1 0 4000 650 700 0.92 0.93
65 -14 12 -1 0 4000 650 700 0.93 0.94
65 -14 12 -1 0 4000 650 700 0.94 0.95
65 -14 12 -1 0 4000 650 700 0.95 0.96
65 -14 12 -1 0 4000 650 700 0.96 0.965
65 -14 12 -1 0 4000 650 700 0.965 0.97
65 -14 12 -1 0 4000 650 700 0.97 0.975
65 -14 12 -1 0 4000 650 700 0.975 0.98
65 -14 12 -1 0 4000 650 700 0.98 0.985
65 -14 12 -1 0 4000 650 700 0.985 0.99
65 -14 12 -1 0 4000 650 700 0.99 0.995
65 -14 12 -1 0 4000 650 700 0.995 1
65 -14 12 -1 0 4000 700 750 -1 0.6
65 -14 12 -1 0 4000 700 750 0.6 0.7
65 -14 12 -1 0 4000 700 750 0.7 0.8
65 -14 12 -1 0 4000 700 750 0.8 0.85
65 -14 12 -1 0 4000 700 750 0.85 0.9
65 -14 12 -1 0 4000 700 750 0.9 0.92
65 -14 12 -1 0 4000 700 750 0.92 0.93
65 -14 12 -1 0 4000 700 750 0.93 0.94
65 -14 12 -1 0 4000 700 750 0.94 0.95
65 -14 12 -1 0 4000 700 750 0.95 0.96
65 -14 12 -1 0 4000 700 750 0.96 0.965
65 -14 12 -1 0 4000 700 750 0.965 0.97
65 -14 12 -1 0 4000 700 750 0.97 0.975
65 -14 12 -1 0 4000 700 750 0.975 0.98
65 -14 12 -1 0 4000 700 750 0.98 0.985
65 -14 12 -1 0 4000 700 750 0.985 0.99
65 -14 12 -1 0 4000 700 750 0.99 0.995
65 -14 12 -1 0 4000 700 750 0.995 1
65 -14 12 -1 0 4000 750 800 -1 0.6
65 -14 12 -1 0 4000 750 800 0.6 0.7
65 -14 12 -1 0 4000 750 800 0.7 0.8
65 -14 12 -1 0 4000 750 800 0.8 0.85
65 -14 12 -1 0 4000 750 800 0.85 0.9
65 -14 12 -1 0 4000 750 800 0.9 0.92
65 -14 12 -1 0 4000 750 800 0.92 0.93
65 -14 12 -1 0 4000 750 800 0.93 0.94
65 -14 12 -1 0 4000 750 800 0.94 0.95
65 -14 12 -1 0 4000 750 800 0.95 0.96
65 -14 12 -1 0 4000 750 800 0.96 0.965
65 -14 12 -1 0 4000 750 800 0.965 0.97
65 -14 12 -1 0 4000 750 800 0.97 0.975
65 -14 12 -1 0 4000 750 800 0.975 0.98
65 -14 12 -1 0 4000 750 800 0.98 0.985
65 -14 12 -1 0 4000 750 800 0.985 0.99
65 -14 12 -1 0 4000 750 800 0.99 0.995
65 -14 12 -1 0 4000 750 800 0.995 1
65 -14 12 -1 0 4000 800 900 -1 0.6
65 -14 12 -1 0 4000 800 900 0.6 0.7
65 -14 12 -1 0 4000 800 900 0.7 0.8
65 -14 12 -1 0 4000 800 900 0.8 0.85
65 -14 12 -1 0 4000 800 900 0.85 0.9
65 -14 12 -1 0 4000 800 900 0.9 0.92
65 -14 12 -1 0 4000 800 900 0.92 0.93
65 -14 12 -1 0 4000 800 900 0.93 0.94
65 -14 12 -1 0 4000 800 900 0.94 0.95
65 -14 12 -1 0 4000 800 900 0.95 0.96
65 -14 12 -1 0 4000 800 900 0.96 0.965
65 -14 12 -1 0 4000 800 900 0.965 0.97
65 -14 12 -1 0 4000 800 900 0.97 0.975
65 -14 12 -1 0 4000 800 900 0.975 0.98
65 -14 12 -1 0 4000 800 900 0.98 0.985
65 -14 12 -1 0 4000 800 900 0.985 0.99
65 -14 12 -1 0 4000 800 900 0.99 0.995
65 -14 12 -1 0 4000 800 900 0.995 1
65 -14 12 -1 0 4000 900 1000 0.6 0.7
65 -14 12 -1 0 4000 900 1000 0.7 0.8
65 -14 12 -1 0 4000 900 1000 0.8 0.85
65 -14 12 -1 0 4000 900 1000 0.85 0.9
65 -14 12 -1 0 4000 900 1000 0.9 0.92
65 -14 12 -1 0 4000 900 1000 0.92 0.93
65 -14 12 -1 0 4000 900 1000 0.93 0.94
65 -14 12 -1 0 4000 900 1000 0.94 0.95
65 -14 12 -1 0 4000 900 1000 0.95 0.96
65 -14 12 -1 0 4000 900 1000 0.96 0.965
65 -14 12 -1 0 4000 900 1000 0.965 0.97
65 -14 12 -1 0 4000 900 1000 0.97 0.975
65 -14 12 -1 0 4000 900 1000 0.975 0.98
65 -14 12 -1 0 4000 900 1000 0.98 0.985
65 -14 12 -1 0 4000 900 1000 0.985 0.99
65 -14 12 -1 0 4000 900 1000 0.99 0.995
65 -14 12 -1 0 4000 900 1000 0.995 1
65 -14 12 -1 0 4000 1000 1100 0.6 0.7
65 -14 12 -1 0 4000 1000 1100 0.7 0.8
65 -14 12 -1 0 4000 1000 1100 0.8 0.85
65 -14 12 -1 0 4000 1000 1100 0.85 0.9
65 -14 12 -1 0 4000 1000 1100 0.9 0.92
65 -14 12 -1 0 4000 1000 1100 0.92 0.93
65 -14 12 -1 0 4000 1000 1100 0.93 0.94
65 -14 12 -1 0 4000 1000 1100 0.94 0.95
65 -14 12 -1 0 4000 1000 1100 0.95 0.96
65 -14 12 -1 0 4000 1000 1100 0.96 0.965
65 -14 12 -1 0 4000 1000 1100 0.965 0.97
65 -14 12 -1 0 4000 1000 1100 0.97 0.975
65 -14 12 -1 0 4000 1000 1100 0.975 0.98
65 -14 12 -1 0 4000 1000 1100 0.98 0.985
65 -14 12 -1 0 4000 1000 1100 0.985 0.99
65 -14 12 -1 0 4000 1000 1100 0.99 0.995
65 -14 12 -1 0 4000 1000 1100 0.995 1
65 -14 12 -1 0 4000 1100 1200 0.7 0.8
65 -14 12 -1 0 4000 1100 1200 0.8 0.85
65 -14 12 -1 0 4000 1100 1200 0.85 0.9
65 -14 12 -1 0 4000 1100 1200 0.9 0.92
65 -14 12 -1 0 4000 1100 1200 0.92 0.93
65 -14 12 -1 0 4000 1100 1200 0.93 0.94
65 -14 12 -1 0 4000 1100 1200 0.94 0.95
65 -14 12 -1 0 4000 1100 1200 0.95 0.96
65 -14 12 -1 0 4000 1100 1200 0.96 0.965
65 -14 12 -1 0 4000 1100 1200 0.965 0.97
65 -14 12 -1 0 4000 1100 1200 0.97 0.975
65 -14 12 -1 0 4000 1100 1200 0.975 0.98
65 -14 12 -1 0 4000 1100 1200 0.98 0.985
65 -14 12 -1 0 4000 1100 1200 0.985 0.99
65 -14 12 -1 0 4000 1100 1200 0.99 0.995
65 -14 12 -1 0 4000 1100 1200 0.995 1
65 -14 12 -1 0 4000 1200 1500 0.6 0.7
65 -14 12 -1 0 4000 1200 1500 0.7 0.8
65 -14 12 -1 0 4000 1200 1500 0.8 0.85
65 -14 12 -1 0 4000 1200 1500 0.85 0.9
65 -14 12 -1 0 4000 1200 1500 0.9 0.92
65 -14 12 -1 0 4000 1200 1500 0.92 0.93
65 -14 12 -1 0 4000 1200 1500 0.93 0.94
65 -14 12 -1 0 4000 1200 1500 0.94 0.95
65 -14 12 -1 0 4000 1200 1500 0.95 0.96
65 -14 12 -1 0 4000 1200 1500 0.96 0.965
65 -14 12 -1 0 4000 1200 1500 0.965 0.97
65 -14 12 -1 0 4000 1200 1500 0.97 0.975
65 -14 12 -1 0 4000 1200 1500 0.975 0.98
65 -14 12 -1 0 4000 1200 1500 0.98 0.985
65 -14 12 -1 0 4000 1200 1500 0.985 0.99
65 -14 12 -1 0 4000 1200 1500 0.99 0.995
65 -14 12 -1 0 4000 1200 1500 0.995 1
65 -14 12 -1 0 4000 1500 2000 0.7 0.8
65 -14 12 -1 0 4000 1500 2000 0.8 0.85
65 -14 12 -1 0 4000 1500 2000 0.85 0.9
65 -14 12 -1 0 4000 1500 2000 0.9 0.92
65 -14 12 -1 0 4000 1500 2000 0.92 0.93
65 -14 12 -1 0 4000 1500 2000 0.93 0.94
65 -14 12 -1 0 4000 1500 2000 0.94 0.95
65 -14 12 -1 0 4000 1500 2000 0.95 0.96
65 -14 12 -1 0 4000 1500 2000 0.96 0.965
65 -14 12 -1 0 4000 1500 2000 0.965 0.97
65 -14 12 -1 0 4000 1500 2000 0.97 0.975
65 -14 12 -1 0 4000 1500 2000 0.975 0.98
65 -14 12 -1 0 4000 1500 2000 0.98 0.985
65 -14 12 -1 0 4000 1500 2000 0.985 0.99
65 -14 12 -1 0 4000 1500 2000 0.99 0.995
65 -14 12 -1 0 4000 1500 2000 0.995 1
65 -14 12 -1 0 4000 2000 4000 0.7 0.8
65 -14 12 -1 0 4000 2000 4000 0.85 0.9
65 -14 12 -1 0 4000 2000 4000 0.9 0.92
65 -14 12 -1 0 4000 2000 4000 0.92 0.93
65 -14 12 -1 0 4000 2000 4000 0.93 0.94
65 -14 12 -1 0 4000 2000 4000 0.94 0.95
65 -14 12 -1 0 4000 2000 4000 0.95 0.96
65 -14 12 -1 0 4000 2000 4000 0.96 0.965
65 -14 12 -1 0 4000 2000 4000 0.965 0.97
65 -14 12 -1 0 4000 2000 4000 0.97 0.975
65 -14 12 -1 0 4000 2000 4000 0.975 0.98
65 -14 12 -1 0 4000 2000 4000 0.98 0.985
65 -14 12 -1 0 4000 2000 4000 0.985 0.99
65 -14 12 -1 0 4000 2000 4000 0.99 0.995
65 -14 12 -1 0 4000 2000 4000 0.995 1
65 -14 12 -1 0 4000 4000 30000 0.985 0.99
65 -14 12 -1 0 4000 4000 30000 0.99 0.995
65 -14 12 -1 0 4000 4000 30000 0.995 1
67 -14 12 -1 0 4000 0 600 -1 0.7
77 -14 12 -1 0 4000 0 300 -1 0.7
77 -14 12 -1 0 4000 300 500 -1 0.7
