variables: SelectedSample NeutrinoCode TgtMat ReactionCode q3 q3 Pmu Pmu CosThetamu CosThetamu
7 14 16 1 0 4000 0 200 -1 0.5
7 14 16 1 0 4000 200 300 -1 0.5
7 14 16 1 0 4000 200 300 0.5 0.6
7 14 16 1 0 4000 200 300 0.6 0.68
7 14 16 1 0 4000 200 300 0.68 0.72
7 14 16 1 0 4000 200 300 0.72 0.76
7 14 16 1 0 4000 200 300 0.76 0.82
7 14 16 1 0 4000 200 300 0.86 0.88
7 14 16 1 0 4000 300 350 -1 0.5
7 14 16 1 0 4000 300 350 0.5 0.6
7 14 16 1 0 4000 300 350 0.6 0.68
7 14 16 1 0 4000 300 350 0.68 0.72
7 14 16 1 0 4000 300 350 0.72 0.76
7 14 16 1 0 4000 300 350 0.76 0.82
7 14 16 1 0 4000 300 350 0.82 0.84
7 14 16 1 0 4000 300 350 0.84 0.86
7 14 16 1 0 4000 350 400 -1 0.5
7 14 16 1 0 4000 350 400 0.5 0.6
7 14 16 1 0 4000 350 400 0.6 0.68
7 14 16 1 0 4000 350 400 0.68 0.72
7 14 16 1 0 4000 350 400 0.72 0.76
7 14 16 1 0 4000 350 400 0.76 0.82
7 14 16 1 0 4000 350 400 0.82 0.84
7 14 16 1 0 4000 350 400 0.84 0.86
7 14 16 1 0 4000 350 400 0.86 0.88
7 14 16 1 0 4000 350 400 0.88 0.9
7 14 16 1 0 4000 400 450 -1 0.5
7 14 16 1 0 4000 400 450 0.5 0.6
7 14 16 1 0 4000 400 450 0.6 0.68
7 14 16 1 0 4000 400 450 0.68 0.72
7 14 16 1 0 4000 400 450 0.72 0.76
7 14 16 1 0 4000 400 450 0.76 0.82
7 14 16 1 0 4000 400 450 0.82 0.84
7 14 16 1 0 4000 400 450 0.84 0.86
7 14 16 1 0 4000 400 450 0.86 0.88
7 14 16 1 0 4000 400 450 0.88 0.9
7 14 16 1 0 4000 400 450 0.9 0.91
7 14 16 1 0 4000 450 500 -1 0.5
7 14 16 1 0 4000 450 500 0.5 0.6
7 14 16 1 0 4000 450 500 0.6 0.68
7 14 16 1 0 4000 450 500 0.68 0.72
7 14 16 1 0 4000 450 500 0.72 0.76
7 14 16 1 0 4000 450 500 0.76 0.82
7 14 16 1 0 4000 450 500 0.82 0.84
7 14 16 1 0 4000 450 500 0.84 0.86
7 14 16 1 0 4000 450 500 0.86 0.88
7 14 16 1 0 4000 450 500 0.88 0.9
7 14 16 1 0 4000 450 500 0.9 0.91
7 14 16 1 0 4000 450 500 0.91 0.92
7 14 16 1 0 4000 450 500 0.92 0.93
7 14 16 1 0 4000 500 550 -1 0.5
7 14 16 1 0 4000 500 550 0.5 0.6
7 14 16 1 0 4000 500 550 0.6 0.68
7 14 16 1 0 4000 500 550 0.68 0.72
7 14 16 1 0 4000 500 550 0.72 0.76
7 14 16 1 0 4000 500 550 0.76 0.82
7 14 16 1 0 4000 500 550 0.82 0.84
7 14 16 1 0 4000 500 550 0.84 0.86
7 14 16 1 0 4000 500 550 0.86 0.88
7 14 16 1 0 4000 500 550 0.88 0.9
7 14 16 1 0 4000 500 550 0.9 0.91
7 14 16 1 0 4000 500 550 0.91 0.92
7 14 16 1 0 4000 500 550 0.92 0.93
7 14 16 1 0 4000 500 550 0.94 0.95
7 14 16 1 0 4000 550 600 -1 0.5
7 14 16 1 0 4000 550 600 0.5 0.6
7 14 16 1 0 4000 550 600 0.6 0.68
7 14 16 1 0 4000 550 600 0.68 0.72
7 14 16 1 0 4000 550 600 0.72 0.76
7 14 16 1 0 4000 550 600 0.76 0.82
7 14 16 1 0 4000 550 600 0.82 0.84
7 14 16 1 0 4000 550 600 0.84 0.86
7 14 16 1 0 4000 550 600 0.86 0.88
7 14 16 1 0 4000 550 600 0.88 0.9
7 14 16 1 0 4000 550 600 0.9 0.91
7 14 16 1 0 4000 550 600 0.91 0.92
7 14 16 1 0 4000 550 600 0.92 0.93
7 14 16 1 0 4000 550 600 0.93 0.94
7 14 16 1 0 4000 550 600 0.94 0.95
7 14 16 1 0 4000 600 650 0.5 0.6
7 14 16 1 0 4000 600 650 0.6 0.68
7 14 16 1 0 4000 600 650 0.68 0.72
7 14 16 1 0 4000 600 650 0.72 0.76
7 14 16 1 0 4000 600 650 0.76 0.82
7 14 16 1 0 4000 600 650 0.82 0.84
7 14 16 1 0 4000 600 650 0.84 0.86
7 14 16 1 0 4000 600 650 0.86 0.88
7 14 16 1 0 4000 600 650 0.88 0.9
7 14 16 1 0 4000 600 650 0.9 0.91
7 14 16 1 0 4000 600 650 0.91 0.92
7 14 16 1 0 4000 600 650 0.92 0.93
7 14 16 1 0 4000 600 650 0.93 0.94
7 14 16 1 0 4000 600 650 0.94 0.95
7 14 16 1 0 4000 600 650 0.955 0.96
7 14 16 1 0 4000 650 700 0.6 0.68
7 14 16 1 0 4000 650 700 0.68 0.72
7 14 16 1 0 4000 650 700 0.72 0.76
7 14 16 1 0 4000 650 700 0.76 0.82
7 14 16 1 0 4000 650 700 0.82 0.84
7 14 16 1 0 4000 650 700 0.84 0.86
7 14 16 1 0 4000 650 700 0.86 0.88
7 14 16 1 0 4000 650 700 0.88 0.9
7 14 16 1 0 4000 650 700 0.91 0.92
7 14 16 1 0 4000 650 700 0.92 0.93
7 14 16 1 0 4000 650 700 0.93 0.94
7 14 16 1 0 4000 650 700 0.94 0.95
7 14 16 1 0 4000 700 750 0.72 0.76
7 14 16 1 0 4000 700 750 0.76 0.82
7 14 16 1 0 4000 700 750 0.82 0.84
7 14 16 1 0 4000 700 750 0.84 0.86
7 14 16 1 0 4000 700 750 0.86 0.88
7 14 16 1 0 4000 700 750 0.88 0.9
7 14 16 1 0 4000 700 750 0.91 0.92
7 14 16 1 0 4000 700 750 0.92 0.93
7 14 16 1 0 4000 750 800 0.76 0.82
7 14 16 1 0 4000 750 800 0.82 0.84
7 14 16 1 0 4000 750 800 0.84 0.86
7 14 16 1 0 4000 750 800 0.86 0.88
7 14 16 1 0 4000 750 800 0.88 0.9
7 14 16 1 0 4000 750 800 0.91 0.92
7 14 16 1 0 4000 750 800 0.93 0.94
7 14 16 1 0 4000 750 800 0.94 0.95
7 14 16 1 0 4000 800 850 0.76 0.82
7 14 16 1 0 4000 800 850 0.84 0.86
7 14 16 1 0 4000 800 850 0.86 0.88
7 14 16 1 0 4000 800 850 0.94 0.95
7 14 16 1 0 4000 850 900 0.76 0.82
7 14 16 1 0 4000 850 900 0.86 0.88
7 14 16 1 0 4000 850 900 0.88 0.9
7 14 16 1 0 4000 900 950 0.76 0.82
7 14 16 1 0 4000 1000 1100 0.88 0.9
7 14 16 1 0 4000 1000 1100 0.93 0.94
7 14 16 1 0 4000 1300 1500 0.88 0.9
7 14 16 1 0 4000 1300 1500 0.975 0.98
7 14 16 1 0 4000 1300 1500 0.985 0.99
7 14 16 1 0 4000 1500 1750 0.93 0.94
7 14 16 1 0 4000 1500 1750 0.965 0.97
7 14 16 1 0 4000 1500 1750 0.99 0.995
7 14 16 1 0 4000 1750 2000 0.975 0.98
7 14 16 1 0 4000 1750 2000 0.985 0.99
7 14 16 1 0 4000 1750 2000 0.99 0.995
7 14 16 1 0 4000 2000 2500 0.975 0.98
7 14 16 1 0 4000 2000 2500 0.98 0.985
7 14 16 1 0 4000 2000 2500 0.985 0.99
7 14 16 1 0 4000 2000 2500 0.99 0.995
7 14 16 1 0 4000 2000 2500 0.995 1
7 14 16 1 0 4000 2500 3000 0.98 0.985
7 14 16 1 0 4000 2500 3000 0.985 0.99
7 14 16 1 0 4000 2500 3000 0.99 0.995
7 14 16 1 0 4000 2500 3000 0.995 1
7 14 16 1 0 4000 3000 5000 0.985 0.99
7 14 16 1 0 4000 3000 5000 0.99 0.995
7 14 16 1 0 4000 3000 5000 0.995 1
8 14 16 1 0 4000 0 250 -1 0.55
8 14 16 1 0 4000 250 350 -1 0.55
8 14 16 1 0 4000 250 350 0.55 0.65
8 14 16 1 0 4000 250 350 0.65 0.75
8 14 16 1 0 4000 350 400 -1 0.55
8 14 16 1 0 4000 350 400 0.55 0.65
8 14 16 1 0 4000 350 400 0.65 0.75
8 14 16 1 0 4000 400 450 -1 0.55
8 14 16 1 0 4000 400 450 0.55 0.65
8 14 16 1 0 4000 400 450 0.65 0.75
8 14 16 1 0 4000 400 450 0.75 0.8
8 14 16 1 0 4000 450 500 -1 0.55
8 14 16 1 0 4000 450 500 0.55 0.65
8 14 16 1 0 4000 450 500 0.65 0.75
8 14 16 1 0 4000 450 500 0.75 0.8
8 14 16 1 0 4000 450 500 0.8 0.85
8 14 16 1 0 4000 500 550 -1 0.55
8 14 16 1 0 4000 500 550 0.55 0.65
8 14 16 1 0 4000 500 550 0.65 0.75
8 14 16 1 0 4000 500 550 0.75 0.8
8 14 16 1 0 4000 550 600 -1 0.55
8 14 16 1 0 4000 550 600 0.55 0.65
8 14 16 1 0 4000 550 600 0.65 0.75
8 14 16 1 0 4000 550 600 0.75 0.8
8 14 16 1 0 4000 550 600 0.8 0.85
8 14 16 1 0 4000 600 650 -1 0.55
8 14 16 1 0 4000 600 650 0.55 0.65
8 14 16 1 0 4000 600 650 0.65 0.75
8 14 16 1 0 4000 600 650 0.75 0.8
8 14 16 1 0 4000 600 650 0.8 0.85
8 14 16 1 0 4000 650 700 -1 0.55
8 14 16 1 0 4000 650 700 0.65 0.75
8 14 16 1 0 4000 650 700 0.8 0.85
8 14 16 1 0 4000 700 800 -1 0.55
8 14 16 1 0 4000 700 800 0.55 0.65
8 14 16 1 0 4000 700 800 0.65 0.75
8 14 16 1 0 4000 700 800 0.75 0.8
8 14 16 1 0 4000 700 800 0.8 0.85
8 14 16 1 0 4000 800 900 0.55 0.65
8 14 16 1 0 4000 800 900 0.65 0.75
8 14 16 1 0 4000 800 900 0.75 0.8
8 14 16 1 0 4000 800 900 0.8 0.85
8 14 16 1 0 4000 900 1000 0.75 0.8
8 14 16 1 0 4000 900 1000 0.85 0.88
8 14 16 1 0 4000 2000 2750 0.95 0.96
8 14 16 1 0 4000 2000 2750 0.97 0.98
8 14 16 1 0 4000 2750 5000 0.98 0.988
10 14 16 1 0 4000 400 500 -1 0.6
13 14 16 1 0 4000 0 300 -1 0.6
13 14 16 1 0 4000 300 400 -1 0.6
13 14 16 1 0 4000 400 500 -1 0.6
71 14 16 1 0 4000 0 300 -1 0.7
71 14 16 1 0 4000 300 500 -1 0.7
71 14 16 1 0 4000 300 500 0.7 0.8
71 14 16 1 0 4000 500 700 -1 0.7
71 14 16 1 0 4000 900 1250 0.7 0.8
71 14 16 1 0 4000 900 1250 0.8 0.85
71 14 16 1 0 4000 900 1250 0.88 0.9
71 14 16 1 0 4000 900 1250 0.92 0.94
71 14 16 1 0 4000 900 1250 0.94 0.96
71 14 16 1 0 4000 1250 1500 0.94 0.96
71 14 16 1 0 4000 2000 4000 0.94 0.96
71 14 16 1 0 4000 2000 4000 0.96 0.97
71 14 16 1 0 4000 2000 4000 0.97 0.98
71 14 16 1 0 4000 2000 4000 0.99 1
31 14 16 1 0 4000 0 200 -1 0.5
31 14 16 1 0 4000 0 200 0.5 0.6
31 14 16 1 0 4000 0 200 0.6 0.68
31 14 16 1 0 4000 0 200 0.68 0.72
31 14 16 1 0 4000 0 200 0.72 0.76
31 14 16 1 0 4000 0 200 0.76 0.82
31 14 16 1 0 4000 0 200 0.86 0.88
31 14 16 1 0 4000 0 200 0.88 0.9
31 14 16 1 0 4000 200 300 -1 0.5
31 14 16 1 0 4000 200 300 0.5 0.6
31 14 16 1 0 4000 200 300 0.6 0.68
31 14 16 1 0 4000 200 300 0.68 0.72
31 14 16 1 0 4000 200 300 0.72 0.76
31 14 16 1 0 4000 200 300 0.76 0.82
31 14 16 1 0 4000 200 300 0.82 0.84
31 14 16 1 0 4000 200 300 0.84 0.86
31 14 16 1 0 4000 200 300 0.86 0.88
31 14 16 1 0 4000 200 300 0.88 0.9
31 14 16 1 0 4000 200 300 0.9 0.91
31 14 16 1 0 4000 200 300 0.91 0.92
31 14 16 1 0 4000 200 300 0.92 0.93
31 14 16 1 0 4000 200 300 0.93 0.94
31 14 16 1 0 4000 200 300 0.94 0.95
31 14 16 1 0 4000 200 300 0.95 0.955
31 14 16 1 0 4000 200 300 0.955 0.96
31 14 16 1 0 4000 200 300 0.96 0.965
31 14 16 1 0 4000 200 300 0.965 0.97
31 14 16 1 0 4000 300 350 -1 0.5
31 14 16 1 0 4000 300 350 0.5 0.6
31 14 16 1 0 4000 300 350 0.6 0.68
31 14 16 1 0 4000 300 350 0.68 0.72
31 14 16 1 0 4000 300 350 0.72 0.76
31 14 16 1 0 4000 300 350 0.76 0.82
31 14 16 1 0 4000 300 350 0.82 0.84
31 14 16 1 0 4000 300 350 0.84 0.86
31 14 16 1 0 4000 300 350 0.86 0.88
31 14 16 1 0 4000 300 350 0.88 0.9
31 14 16 1 0 4000 300 350 0.9 0.91
31 14 16 1 0 4000 300 350 0.91 0.92
31 14 16 1 0 4000 300 350 0.92 0.93
31 14 16 1 0 4000 300 350 0.93 0.94
31 14 16 1 0 4000 300 350 0.94 0.95
31 14 16 1 0 4000 300 350 0.95 0.955
31 14 16 1 0 4000 300 350 0.955 0.96
31 14 16 1 0 4000 300 350 0.965 0.97
31 14 16 1 0 4000 300 350 0.97 0.975
31 14 16 1 0 4000 300 350 0.98 0.985
31 14 16 1 0 4000 300 350 0.985 0.99
31 14 16 1 0 4000 350 400 -1 0.5
31 14 16 1 0 4000 350 400 0.5 0.6
31 14 16 1 0 4000 350 400 0.6 0.68
31 14 16 1 0 4000 350 400 0.68 0.72
31 14 16 1 0 4000 350 400 0.72 0.76
31 14 16 1 0 4000 350 400 0.76 0.82
31 14 16 1 0 4000 350 400 0.82 0.84
31 14 16 1 0 4000 350 400 0.84 0.86
31 14 16 1 0 4000 350 400 0.86 0.88
31 14 16 1 0 4000 350 400 0.88 0.9
31 14 16 1 0 4000 350 400 0.9 0.91
31 14 16 1 0 4000 350 400 0.91 0.92
31 14 16 1 0 4000 350 400 0.92 0.93
31 14 16 1 0 4000 350 400 0.93 0.94
31 14 16 1 0 4000 350 400 0.94 0.95
31 14 16 1 0 4000 350 400 0.95 0.955
31 14 16 1 0 4000 350 400 0.955 0.96
31 14 16 1 0 4000 350 400 0.96 0.965
31 14 16 1 0 4000 350 400 0.965 0.97
31 14 16 1 0 4000 350 400 0.97 0.975
31 14 16 1 0 4000 350 400 0.975 0.98
31 14 16 1 0 4000 350 400 0.98 0.985
31 14 16 1 0 4000 350 400 0.985 0.99
31 14 16 1 0 4000 350 400 0.99 0.995
31 14 16 1 0 4000 400 450 -1 0.5
31 14 16 1 0 4000 400 450 0.5 0.6
31 14 16 1 0 4000 400 450 0.6 0.68
31 14 16 1 0 4000 400 450 0.68 0.72
31 14 16 1 0 4000 400 450 0.72 0.76
31 14 16 1 0 4000 400 450 0.76 0.82
31 14 16 1 0 4000 400 450 0.82 0.84
31 14 16 1 0 4000 400 450 0.84 0.86
31 14 16 1 0 4000 400 450 0.86 0.88
31 14 16 1 0 4000 400 450 0.88 0.9
31 14 16 1 0 4000 400 450 0.9 0.91
31 14 16 1 0 4000 400 450 0.91 0.92
31 14 16 1 0 4000 400 450 0.92 0.93
31 14 16 1 0 4000 400 450 0.93 0.94
31 14 16 1 0 4000 400 450 0.94 0.95
31 14 16 1 0 4000 400 450 0.95 0.955
31 14 16 1 0 4000 400 450 0.955 0.96
31 14 16 1 0 4000 400 450 0.96 0.965
31 14 16 1 0 4000 400 450 0.965 0.97
31 14 16 1 0 4000 400 450 0.97 0.975
31 14 16 1 0 4000 400 450 0.975 0.98
31 14 16 1 0 4000 400 450 0.98 0.985
31 14 16 1 0 4000 400 450 0.985 0.99
31 14 16 1 0 4000 400 450 0.99 0.995
31 14 16 1 0 4000 400 450 0.995 1
31 14 16 1 0 4000 450 500 -1 0.5
31 14 16 1 0 4000 450 500 0.5 0.6
31 14 16 1 0 4000 450 500 0.6 0.68
31 14 16 1 0 4000 450 500 0.68 0.72
31 14 16 1 0 4000 450 500 0.72 0.76
31 14 16 1 0 4000 450 500 0.76 0.82
31 14 16 1 0 4000 450 500 0.82 0.84
31 14 16 1 0 4000 450 500 0.84 0.86
31 14 16 1 0 4000 450 500 0.86 0.88
31 14 16 1 0 4000 450 500 0.88 0.9
31 14 16 1 0 4000 450 500 0.9 0.91
31 14 16 1 0 4000 450 500 0.91 0.92
31 14 16 1 0 4000 450 500 0.92 0.93
31 14 16 1 0 4000 450 500 0.93 0.94
31 14 16 1 0 4000 450 500 0.94 0.95
31 14 16 1 0 4000 450 500 0.95 0.955
31 14 16 1 0 4000 450 500 0.955 0.96
31 14 16 1 0 4000 450 500 0.96 0.965
31 14 16 1 0 4000 450 500 0.965 0.97
31 14 16 1 0 4000 450 500 0.97 0.975
31 14 16 1 0 4000 450 500 0.975 0.98
31 14 16 1 0 4000 450 500 0.98 0.985
31 14 16 1 0 4000 450 500 0.985 0.99
31 14 16 1 0 4000 450 500 0.99 0.995
31 14 16 1 0 4000 450 500 0.995 1
31 14 16 1 0 4000 500 550 -1 0.5
31 14 16 1 0 4000 500 550 0.5 0.6
31 14 16 1 0 4000 500 550 0.6 0.68
31 14 16 1 0 4000 500 550 0.68 0.72
31 14 16 1 0 4000 500 550 0.72 0.76
31 14 16 1 0 4000 500 550 0.76 0.82
31 14 16 1 0 4000 500 550 0.82 0.84
31 14 16 1 0 4000 500 550 0.84 0.86
31 14 16 1 0 4000 500 550 0.86 0.88
31 14 16 1 0 4000 500 550 0.88 0.9
31 14 16 1 0 4000 500 550 0.9 0.91
31 14 16 1 0 4000 500 550 0.91 0.92
31 14 16 1 0 4000 500 550 0.92 0.93
31 14 16 1 0 4000 500 550 0.93 0.94
31 14 16 1 0 4000 500 550 0.94 0.95
31 14 16 1 0 4000 500 550 0.95 0.955
31 14 16 1 0 4000 500 550 0.955 0.96
31 14 16 1 0 4000 500 550 0.96 0.965
31 14 16 1 0 4000 500 550 0.965 0.97
31 14 16 1 0 4000 500 550 0.97 0.975
31 14 16 1 0 4000 500 550 0.975 0.98
31 14 16 1 0 4000 500 550 0.98 0.985
31 14 16 1 0 4000 500 550 0.985 0.99
31 14 16 1 0 4000 500 550 0.99 0.995
31 14 16 1 0 4000 500 550 0.995 1
31 14 16 1 0 4000 550 600 -1 0.5
31 14 16 1 0 4000 550 600 0.5 0.6
31 14 16 1 0 4000 550 600 0.6 0.68
31 14 16 1 0 4000 550 600 0.68 0.72
31 14 16 1 0 4000 550 600 0.72 0.76
31 14 16 1 0 4000 550 600 0.76 0.82
31 14 16 1 0 4000 550 600 0.82 0.84
31 14 16 1 0 4000 550 600 0.84 0.86
31 14 16 1 0 4000 550 600 0.86 0.88
31 14 16 1 0 4000 550 600 0.88 0.9
31 14 16 1 0 4000 550 600 0.9 0.91
31 14 16 1 0 4000 550 600 0.91 0.92
31 14 16 1 0 4000 550 600 0.92 0.93
31 14 16 1 0 4000 550 600 0.93 0.94
31 14 16 1 0 4000 550 600 0.94 0.95
31 14 16 1 0 4000 550 600 0.95 0.955
31 14 16 1 0 4000 550 600 0.955 0.96
31 14 16 1 0 4000 550 600 0.96 0.965
31 14 16 1 0 4000 550 600 0.965 0.97
31 14 16 1 0 4000 550 600 0.97 0.975
31 14 16 1 0 4000 550 600 0.975 0.98
31 14 16 1 0 4000 550 600 0.98 0.985
31 14 16 1 0 4000 550 600 0.985 0.99
31 14 16 1 0 4000 550 600 0.99 0.995
31 14 16 1 0 4000 550 600 0.995 1
31 14 16 1 0 4000 600 650 -1 0.5
31 14 16 1 0 4000 600 650 0.5 0.6
31 14 16 1 0 4000 600 650 0.6 0.68
31 14 16 1 0 4000 600 650 0.68 0.72
31 14 16 1 0 4000 600 650 0.72 0.76
31 14 16 1 0 4000 600 650 0.76 0.82
31 14 16 1 0 4000 600 650 0.82 0.84
31 14 16 1 0 4000 600 650 0.84 0.86
31 14 16 1 0 4000 600 650 0.86 0.88
31 14 16 1 0 4000 600 650 0.88 0.9
31 14 16 1 0 4000 600 650 0.9 0.91
31 14 16 1 0 4000 600 650 0.91 0.92
31 14 16 1 0 4000 600 650 0.92 0.93
31 14 16 1 0 4000 600 650 0.93 0.94
31 14 16 1 0 4000 600 650 0.94 0.95
31 14 16 1 0 4000 600 650 0.95 0.955
31 14 16 1 0 4000 600 650 0.955 0.96
31 14 16 1 0 4000 600 650 0.96 0.965
31 14 16 1 0 4000 600 650 0.965 0.97
31 14 16 1 0 4000 600 650 0.97 0.975
31 14 16 1 0 4000 600 650 0.975 0.98
31 14 16 1 0 4000 600 650 0.98 0.985
31 14 16 1 0 4000 600 650 0.985 0.99
31 14 16 1 0 4000 600 650 0.99 0.995
31 14 16 1 0 4000 600 650 0.995 1
31 14 16 1 0 4000 650 700 -1 0.5
31 14 16 1 0 4000 650 700 0.5 0.6
31 14 16 1 0 4000 650 700 0.6 0.68
31 14 16 1 0 4000 650 700 0.68 0.72
31 14 16 1 0 4000 650 700 0.72 0.76
31 14 16 1 0 4000 650 700 0.76 0.82
31 14 16 1 0 4000 650 700 0.82 0.84
31 14 16 1 0 4000 650 700 0.84 0.86
31 14 16 1 0 4000 650 700 0.86 0.88
31 14 16 1 0 4000 650 700 0.88 0.9
31 14 16 1 0 4000 650 700 0.9 0.91
31 14 16 1 0 4000 650 700 0.91 0.92
31 14 16 1 0 4000 650 700 0.92 0.93
31 14 16 1 0 4000 650 700 0.93 0.94
31 14 16 1 0 4000 650 700 0.94 0.95
31 14 16 1 0 4000 650 700 0.95 0.955
31 14 16 1 0 4000 650 700 0.955 0.96
31 14 16 1 0 4000 650 700 0.96 0.965
31 14 16 1 0 4000 650 700 0.965 0.97
31 14 16 1 0 4000 650 700 0.97 0.975
31 14 16 1 0 4000 650 700 0.975 0.98
31 14 16 1 0 4000 650 700 0.98 0.985
31 14 16 1 0 4000 650 700 0.985 0.99
31 14 16 1 0 4000 650 700 0.99 0.995
31 14 16 1 0 4000 650 700 0.995 1
31 14 16 1 0 4000 700 750 -1 0.5
31 14 16 1 0 4000 700 750 0.5 0.6
31 14 16 1 0 4000 700 750 0.6 0.68
31 14 16 1 0 4000 700 750 0.68 0.72
31 14 16 1 0 4000 700 750 0.72 0.76
31 14 16 1 0 4000 700 750 0.76 0.82
31 14 16 1 0 4000 700 750 0.82 0.84
31 14 16 1 0 4000 700 750 0.84 0.86
31 14 16 1 0 4000 700 750 0.86 0.88
31 14 16 1 0 4000 700 750 0.88 0.9
31 14 16 1 0 4000 700 750 0.9 0.91
31 14 16 1 0 4000 700 750 0.91 0.92
31 14 16 1 0 4000 700 750 0.92 0.93
31 14 16 1 0 4000 700 750 0.93 0.94
31 14 16 1 0 4000 700 750 0.94 0.95
31 14 16 1 0 4000 700 750 0.95 0.955
31 14 16 1 0 4000 700 750 0.955 0.96
31 14 16 1 0 4000 700 750 0.96 0.965
31 14 16 1 0 4000 700 750 0.965 0.97
31 14 16 1 0 4000 700 750 0.97 0.975
31 14 16 1 0 4000 700 750 0.975 0.98
31 14 16 1 0 4000 700 750 0.98 0.985
31 14 16 1 0 4000 700 750 0.985 0.99
31 14 16 1 0 4000 700 750 0.99 0.995
31 14 16 1 0 4000 700 750 0.995 1
31 14 16 1 0 4000 750 800 -1 0.5
31 14 16 1 0 4000 750 800 0.5 0.6
31 14 16 1 0 4000 750 800 0.6 0.68
31 14 16 1 0 4000 750 800 0.68 0.72
31 14 16 1 0 4000 750 800 0.72 0.76
31 14 16 1 0 4000 750 800 0.76 0.82
31 14 16 1 0 4000 750 800 0.82 0.84
31 14 16 1 0 4000 750 800 0.84 0.86
31 14 16 1 0 4000 750 800 0.86 0.88
31 14 16 1 0 4000 750 800 0.88 0.9
31 14 16 1 0 4000 750 800 0.9 0.91
31 14 16 1 0 4000 750 800 0.91 0.92
31 14 16 1 0 4000 750 800 0.92 0.93
31 14 16 1 0 4000 750 800 0.93 0.94
31 14 16 1 0 4000 750 800 0.94 0.95
31 14 16 1 0 4000 750 800 0.95 0.955
31 14 16 1 0 4000 750 800 0.955 0.96
31 14 16 1 0 4000 750 800 0.96 0.965
31 14 16 1 0 4000 750 800 0.965 0.97
31 14 16 1 0 4000 750 800 0.97 0.975
31 14 16 1 0 4000 750 800 0.975 0.98
31 14 16 1 0 4000 750 800 0.98 0.985
31 14 16 1 0 4000 750 800 0.985 0.99
31 14 16 1 0 4000 750 800 0.99 0.995
31 14 16 1 0 4000 750 800 0.995 1
31 14 16 1 0 4000 800 850 0.5 0.6
31 14 16 1 0 4000 800 850 0.6 0.68
31 14 16 1 0 4000 800 850 0.68 0.72
31 14 16 1 0 4000 800 850 0.72 0.76
31 14 16 1 0 4000 800 850 0.76 0.82
31 14 16 1 0 4000 800 850 0.82 0.84
31 14 16 1 0 4000 800 850 0.84 0.86
31 14 16 1 0 4000 800 850 0.86 0.88
31 14 16 1 0 4000 800 850 0.88 0.9
31 14 16 1 0 4000 800 850 0.9 0.91
31 14 16 1 0 4000 800 850 0.91 0.92
31 14 16 1 0 4000 800 850 0.92 0.93
31 14 16 1 0 4000 800 850 0.93 0.94
31 14 16 1 0 4000 800 850 0.94 0.95
31 14 16 1 0 4000 800 850 0.95 0.955
31 14 16 1 0 4000 800 850 0.955 0.96
31 14 16 1 0 4000 800 850 0.96 0.965
31 14 16 1 0 4000 800 850 0.965 0.97
31 14 16 1 0 4000 800 850 0.97 0.975
31 14 16 1 0 4000 800 850 0.975 0.98
31 14 16 1 0 4000 800 850 0.98 0.985
31 14 16 1 0 4000 800 850 0.985 0.99
31 14 16 1 0 4000 800 850 0.99 0.995
31 14 16 1 0 4000 800 850 0.995 1
31 14 16 1 0 4000 850 900 -1 0.5
31 14 16 1 0 4000 850 900 0.5 0.6
31 14 16 1 0 4000 850 900 0.6 0.68
31 14 16 1 0 4000 850 900 0.68 0.72
31 14 16 1 0 4000 850 900 0.72 0.76
31 14 16 1 0 4000 850 900 0.76 0.82
31 14 16 1 0 4000 850 900 0.82 0.84
31 14 16 1 0 4000 850 900 0.84 0.86
31 14 16 1 0 4000 850 900 0.86 0.88
31 14 16 1 0 4000 850 900 0.88 0.9
31 14 16 1 0 4000 850 900 0.9 0.91
31 14 16 1 0 4000 850 900 0.91 0.92
31 14 16 1 0 4000 850 900 0.92 0.93
31 14 16 1 0 4000 850 900 0.93 0.94
31 14 16 1 0 4000 850 900 0.94 0.95
31 14 16 1 0 4000 850 900 0.95 0.955
31 14 16 1 0 4000 850 900 0.955 0.96
31 14 16 1 0 4000 850 900 0.96 0.965
31 14 16 1 0 4000 850 900 0.965 0.97
31 14 16 1 0 4000 850 900 0.97 0.975
31 14 16 1 0 4000 850 900 0.975 0.98
31 14 16 1 0 4000 850 900 0.98 0.985
31 14 16 1 0 4000 850 900 0.985 0.99
31 14 16 1 0 4000 850 900 0.99 0.995
31 14 16 1 0 4000 850 900 0.995 1
31 14 16 1 0 4000 900 950 -1 0.5
31 14 16 1 0 4000 900 950 0.5 0.6
31 14 16 1 0 4000 900 950 0.6 0.68
31 14 16 1 0 4000 900 950 0.68 0.72
31 14 16 1 0 4000 900 950 0.72 0.76
31 14 16 1 0 4000 900 950 0.76 0.82
31 14 16 1 0 4000 900 950 0.82 0.84
31 14 16 1 0 4000 900 950 0.84 0.86
31 14 16 1 0 4000 900 950 0.86 0.88
31 14 16 1 0 4000 900 950 0.88 0.9
31 14 16 1 0 4000 900 950 0.9 0.91
31 14 16 1 0 4000 900 950 0.91 0.92
31 14 16 1 0 4000 900 950 0.92 0.93
31 14 16 1 0 4000 900 950 0.93 0.94
31 14 16 1 0 4000 900 950 0.94 0.95
31 14 16 1 0 4000 900 950 0.95 0.955
31 14 16 1 0 4000 900 950 0.955 0.96
31 14 16 1 0 4000 900 950 0.96 0.965
31 14 16 1 0 4000 900 950 0.965 0.97
31 14 16 1 0 4000 900 950 0.97 0.975
31 14 16 1 0 4000 900 950 0.975 0.98
31 14 16 1 0 4000 900 950 0.98 0.985
31 14 16 1 0 4000 900 950 0.985 0.99
31 14 16 1 0 4000 900 950 0.99 0.995
31 14 16 1 0 4000 900 950 0.995 1
31 14 16 1 0 4000 950 1000 0.6 0.68
31 14 16 1 0 4000 950 1000 0.68 0.72
31 14 16 1 0 4000 950 1000 0.72 0.76
31 14 16 1 0 4000 950 1000 0.76 0.82
31 14 16 1 0 4000 950 1000 0.82 0.84
31 14 16 1 0 4000 950 1000 0.84 0.86
31 14 16 1 0 4000 950 1000 0.86 0.88
31 14 16 1 0 4000 950 1000 0.88 0.9
31 14 16 1 0 4000 950 1000 0.9 0.91
31 14 16 1 0 4000 950 1000 0.91 0.92
31 14 16 1 0 4000 950 1000 0.92 0.93
31 14 16 1 0 4000 950 1000 0.93 0.94
31 14 16 1 0 4000 950 1000 0.94 0.95
31 14 16 1 0 4000 950 1000 0.95 0.955
31 14 16 1 0 4000 950 1000 0.955 0.96
31 14 16 1 0 4000 950 1000 0.96 0.965
31 14 16 1 0 4000 950 1000 0.965 0.97
31 14 16 1 0 4000 950 1000 0.97 0.975
31 14 16 1 0 4000 950 1000 0.975 0.98
31 14 16 1 0 4000 950 1000 0.98 0.985
31 14 16 1 0 4000 950 1000 0.985 0.99
31 14 16 1 0 4000 950 1000 0.99 0.995
31 14 16 1 0 4000 950 1000 0.995 1
31 14 16 1 0 4000 1000 1100 0.5 0.6
31 14 16 1 0 4000 1000 1100 0.6 0.68
31 14 16 1 0 4000 1000 1100 0.68 0.72
31 14 16 1 0 4000 1000 1100 0.72 0.76
31 14 16 1 0 4000 1000 1100 0.76 0.82
31 14 16 1 0 4000 1000 1100 0.82 0.84
31 14 16 1 0 4000 1000 1100 0.84 0.86
31 14 16 1 0 4000 1000 1100 0.86 0.88
31 14 16 1 0 4000 1000 1100 0.88 0.9
31 14 16 1 0 4000 1000 1100 0.9 0.91
31 14 16 1 0 4000 1000 1100 0.91 0.92
31 14 16 1 0 4000 1000 1100 0.92 0.93
31 14 16 1 0 4000 1000 1100 0.93 0.94
31 14 16 1 0 4000 1000 1100 0.94 0.95
31 14 16 1 0 4000 1000 1100 0.95 0.955
31 14 16 1 0 4000 1000 1100 0.955 0.96
31 14 16 1 0 4000 1000 1100 0.96 0.965
31 14 16 1 0 4000 1000 1100 0.965 0.97
31 14 16 1 0 4000 1000 1100 0.97 0.975
31 14 16 1 0 4000 1000 1100 0.975 0.98
31 14 16 1 0 4000 1000 1100 0.98 0.985
31 14 16 1 0 4000 1000 1100 0.985 0.99
31 14 16 1 0 4000 1000 1100 0.99 0.995
31 14 16 1 0 4000 1000 1100 0.995 1
31 14 16 1 0 4000 1100 1200 0.6 0.68
31 14 16 1 0 4000 1100 1200 0.68 0.72
31 14 16 1 0 4000 1100 1200 0.72 0.76
31 14 16 1 0 4000 1100 1200 0.76 0.82
31 14 16 1 0 4000 1100 1200 0.82 0.84
31 14 16 1 0 4000 1100 1200 0.84 0.86
31 14 16 1 0 4000 1100 1200 0.86 0.88
31 14 16 1 0 4000 1100 1200 0.88 0.9
31 14 16 1 0 4000 1100 1200 0.9 0.91
31 14 16 1 0 4000 1100 1200 0.91 0.92
31 14 16 1 0 4000 1100 1200 0.92 0.93
31 14 16 1 0 4000 1100 1200 0.93 0.94
31 14 16 1 0 4000 1100 1200 0.94 0.95
31 14 16 1 0 4000 1100 1200 0.95 0.955
31 14 16 1 0 4000 1100 1200 0.955 0.96
31 14 16 1 0 4000 1100 1200 0.96 0.965
31 14 16 1 0 4000 1100 1200 0.965 0.97
31 14 16 1 0 4000 1100 1200 0.97 0.975
31 14 16 1 0 4000 1100 1200 0.975 0.98
31 14 16 1 0 4000 1100 1200 0.98 0.985
31 14 16 1 0 4000 1100 1200 0.985 0.99
31 14 16 1 0 4000 1100 1200 0.99 0.995
31 14 16 1 0 4000 1100 1200 0.995 1
31 14 16 1 0 4000 1200 1300 0.68 0.72
31 14 16 1 0 4000 1200 1300 0.72 0.76
31 14 16 1 0 4000 1200 1300 0.76 0.82
31 14 16 1 0 4000 1200 1300 0.82 0.84
31 14 16 1 0 4000 1200 1300 0.84 0.86
31 14 16 1 0 4000 1200 1300 0.86 0.88
31 14 16 1 0 4000 1200 1300 0.88 0.9
31 14 16 1 0 4000 1200 1300 0.9 0.91
31 14 16 1 0 4000 1200 1300 0.91 0.92
31 14 16 1 0 4000 1200 1300 0.92 0.93
31 14 16 1 0 4000 1200 1300 0.93 0.94
31 14 16 1 0 4000 1200 1300 0.94 0.95
31 14 16 1 0 4000 1200 1300 0.95 0.955
31 14 16 1 0 4000 1200 1300 0.955 0.96
31 14 16 1 0 4000 1200 1300 0.96 0.965
31 14 16 1 0 4000 1200 1300 0.965 0.97
31 14 16 1 0 4000 1200 1300 0.97 0.975
31 14 16 1 0 4000 1200 1300 0.975 0.98
31 14 16 1 0 4000 1200 1300 0.98 0.985
31 14 16 1 0 4000 1200 1300 0.985 0.99
31 14 16 1 0 4000 1200 1300 0.99 0.995
31 14 16 1 0 4000 1200 1300 0.995 1
31 14 16 1 0 4000 1300 1500 0.5 0.6
31 14 16 1 0 4000 1300 1500 0.6 0.68
31 14 16 1 0 4000 1300 1500 0.68 0.72
31 14 16 1 0 4000 1300 1500 0.72 0.76
31 14 16 1 0 4000 1300 1500 0.76 0.82
31 14 16 1 0 4000 1300 1500 0.82 0.84
31 14 16 1 0 4000 1300 1500 0.84 0.86
31 14 16 1 0 4000 1300 1500 0.86 0.88
31 14 16 1 0 4000 1300 1500 0.88 0.9
31 14 16 1 0 4000 1300 1500 0.9 0.91
31 14 16 1 0 4000 1300 1500 0.91 0.92
31 14 16 1 0 4000 1300 1500 0.92 0.93
31 14 16 1 0 4000 1300 1500 0.93 0.94
31 14 16 1 0 4000 1300 1500 0.94 0.95
31 14 16 1 0 4000 1300 1500 0.95 0.955
31 14 16 1 0 4000 1300 1500 0.955 0.96
31 14 16 1 0 4000 1300 1500 0.96 0.965
31 14 16 1 0 4000 1300 1500 0.965 0.97
31 14 16 1 0 4000 1300 1500 0.97 0.975
31 14 16 1 0 4000 1300 1500 0.975 0.98
31 14 16 1 0 4000 1300 1500 0.98 0.985
31 14 16 1 0 4000 1300 1500 0.985 0.99
31 14 16 1 0 4000 1300 1500 0.99 0.995
31 14 16 1 0 4000 1300 1500 0.995 1
31 14 16 1 0 4000 1500 1750 0.6 0.68
31 14 16 1 0 4000 1500 1750 0.76 0.82
31 14 16 1 0 4000 1500 1750 0.82 0.84
31 14 16 1 0 4000 1500 1750 0.84 0.86
31 14 16 1 0 4000 1500 1750 0.86 0.88
31 14 16 1 0 4000 1500 1750 0.88 0.9
31 14 16 1 0 4000 1500 1750 0.9 0.91
31 14 16 1 0 4000 1500 1750 0.91 0.92
31 14 16 1 0 4000 1500 1750 0.92 0.93
31 14 16 1 0 4000 1500 1750 0.93 0.94
31 14 16 1 0 4000 1500 1750 0.94 0.95
31 14 16 1 0 4000 1500 1750 0.95 0.955
31 14 16 1 0 4000 1500 1750 0.955 0.96
31 14 16 1 0 4000 1500 1750 0.96 0.965
31 14 16 1 0 4000 1500 1750 0.965 0.97
31 14 16 1 0 4000 1500 1750 0.97 0.975
31 14 16 1 0 4000 1500 1750 0.975 0.98
31 14 16 1 0 4000 1500 1750 0.98 0.985
31 14 16 1 0 4000 1500 1750 0.985 0.99
31 14 16 1 0 4000 1500 1750 0.99 0.995
31 14 16 1 0 4000 1500 1750 0.995 1
31 14 16 1 0 4000 1750 2000 0.76 0.82
31 14 16 1 0 4000 1750 2000 0.84 0.86
31 14 16 1 0 4000 1750 2000 0.86 0.88
31 14 16 1 0 4000 1750 2000 0.88 0.9
31 14 16 1 0 4000 1750 2000 0.9 0.91
31 14 16 1 0 4000 1750 2000 0.91 0.92
31 14 16 1 0 4000 1750 2000 0.92 0.93
31 14 16 1 0 4000 1750 2000 0.93 0.94
31 14 16 1 0 4000 1750 2000 0.94 0.95
31 14 16 1 0 4000 1750 2000 0.95 0.955
31 14 16 1 0 4000 1750 2000 0.955 0.96
31 14 16 1 0 4000 1750 2000 0.96 0.965
31 14 16 1 0 4000 1750 2000 0.965 0.97
31 14 16 1 0 4000 1750 2000 0.97 0.975
31 14 16 1 0 4000 1750 2000 0.975 0.98
31 14 16 1 0 4000 1750 2000 0.98 0.985
31 14 16 1 0 4000 1750 2000 0.985 0.99
31 14 16 1 0 4000 1750 2000 0.99 0.995
31 14 16 1 0 4000 1750 2000 0.995 1
31 14 16 1 0 4000 2000 2500 0.76 0.82
31 14 16 1 0 4000 2000 2500 0.84 0.86
31 14 16 1 0 4000 2000 2500 0.86 0.88
31 14 16 1 0 4000 2000 2500 0.88 0.9
31 14 16 1 0 4000 2000 2500 0.9 0.91
31 14 16 1 0 4000 2000 2500 0.91 0.92
31 14 16 1 0 4000 2000 2500 0.92 0.93
31 14 16 1 0 4000 2000 2500 0.93 0.94
31 14 16 1 0 4000 2000 2500 0.94 0.95
31 14 16 1 0 4000 2000 2500 0.95 0.955
31 14 16 1 0 4000 2000 2500 0.955 0.96
31 14 16 1 0 4000 2000 2500 0.96 0.965
31 14 16 1 0 4000 2000 2500 0.965 0.97
31 14 16 1 0 4000 2000 2500 0.97 0.975
31 14 16 1 0 4000 2000 2500 0.975 0.98
31 14 16 1 0 4000 2000 2500 0.98 0.985
31 14 16 1 0 4000 2000 2500 0.985 0.99
31 14 16 1 0 4000 2000 2500 0.99 0.995
31 14 16 1 0 4000 2000 2500 0.995 1
31 14 16 1 0 4000 2500 3000 0.88 0.9
31 14 16 1 0 4000 2500 3000 0.9 0.91
31 14 16 1 0 4000 2500 3000 0.91 0.92
31 14 16 1 0 4000 2500 3000 0.92 0.93
31 14 16 1 0 4000 2500 3000 0.93 0.94
31 14 16 1 0 4000 2500 3000 0.94 0.95
31 14 16 1 0 4000 2500 3000 0.95 0.955
31 14 16 1 0 4000 2500 3000 0.955 0.96
31 14 16 1 0 4000 2500 3000 0.96 0.965
31 14 16 1 0 4000 2500 3000 0.965 0.97
31 14 16 1 0 4000 2500 3000 0.97 0.975
31 14 16 1 0 4000 2500 3000 0.975 0.98
31 14 16 1 0 4000 2500 3000 0.98 0.985
31 14 16 1 0 4000 2500 3000 0.985 0.99
31 14 16 1 0 4000 2500 3000 0.99 0.995
31 14 16 1 0 4000 2500 3000 0.995 1
31 14 16 1 0 4000 3000 5000 0.88 0.9
31 14 16 1 0 4000 3000 5000 0.91 0.92
31 14 16 1 0 4000 3000 5000 0.92 0.93
31 14 16 1 0 4000 3000 5000 0.93 0.94
31 14 16 1 0 4000 3000 5000 0.94 0.95
31 14 16 1 0 4000 3000 5000 0.95 0.955
31 14 16 1 0 4000 3000 5000 0.955 0.96
31 14 16 1 0 4000 3000 5000 0.96 0.965
31 14 16 1 0 4000 3000 5000 0.965 0.97
31 14 16 1 0 4000 3000 5000 0.97 0.975
31 14 16 1 0 4000 3000 5000 0.975 0.98
31 14 16 1 0 4000 3000 5000 0.98 0.985
31 14 16 1 0 4000 3000 5000 0.985 0.99
31 14 16 1 0 4000 3000 5000 0.99 0.995
31 14 16 1 0 4000 3000 5000 0.995 1
31 14 16 1 0 4000 5000 30000 0.975 0.98
31 14 16 1 0 4000 5000 30000 0.985 0.99
31 14 16 1 0 4000 5000 30000 0.99 0.995
31 14 16 1 0 4000 5000 30000 0.995 1
32 14 16 1 0 4000 0 250 -1 0.55
32 14 16 1 0 4000 0 250 0.55 0.65
32 14 16 1 0 4000 0 250 0.65 0.75
32 14 16 1 0 4000 0 250 0.75 0.8
32 14 16 1 0 4000 250 350 -1 0.55
32 14 16 1 0 4000 250 350 0.55 0.65
32 14 16 1 0 4000 250 350 0.65 0.75
32 14 16 1 0 4000 250 350 0.75 0.8
32 14 16 1 0 4000 250 350 0.8 0.85
32 14 16 1 0 4000 350 400 -1 0.55
32 14 16 1 0 4000 350 400 0.55 0.65
32 14 16 1 0 4000 350 400 0.65 0.75
32 14 16 1 0 4000 350 400 0.75 0.8
32 14 16 1 0 4000 350 400 0.8 0.85
32 14 16 1 0 4000 400 450 -1 0.55
32 14 16 1 0 4000 400 450 0.55 0.65
32 14 16 1 0 4000 400 450 0.65 0.75
32 14 16 1 0 4000 400 450 0.75 0.8
32 14 16 1 0 4000 400 450 0.8 0.85
32 14 16 1 0 4000 450 500 -1 0.55
32 14 16 1 0 4000 450 500 0.55 0.65
32 14 16 1 0 4000 450 500 0.65 0.75
32 14 16 1 0 4000 450 500 0.75 0.8
32 14 16 1 0 4000 450 500 0.8 0.85
32 14 16 1 0 4000 450 500 0.85 0.88
32 14 16 1 0 4000 500 550 -1 0.55
32 14 16 1 0 4000 500 550 0.55 0.65
32 14 16 1 0 4000 500 550 0.65 0.75
32 14 16 1 0 4000 500 550 0.75 0.8
32 14 16 1 0 4000 500 550 0.8 0.85
32 14 16 1 0 4000 500 550 0.85 0.88
32 14 16 1 0 4000 550 600 -1 0.55
32 14 16 1 0 4000 550 600 0.55 0.65
32 14 16 1 0 4000 550 600 0.65 0.75
32 14 16 1 0 4000 550 600 0.75 0.8
32 14 16 1 0 4000 550 600 0.8 0.85
32 14 16 1 0 4000 550 600 0.85 0.88
32 14 16 1 0 4000 600 650 -1 0.55
32 14 16 1 0 4000 600 650 0.55 0.65
32 14 16 1 0 4000 600 650 0.65 0.75
32 14 16 1 0 4000 600 650 0.75 0.8
32 14 16 1 0 4000 600 650 0.8 0.85
32 14 16 1 0 4000 600 650 0.85 0.88
32 14 16 1 0 4000 650 700 -1 0.55
32 14 16 1 0 4000 650 700 0.55 0.65
32 14 16 1 0 4000 650 700 0.65 0.75
32 14 16 1 0 4000 650 700 0.75 0.8
32 14 16 1 0 4000 650 700 0.8 0.85
32 14 16 1 0 4000 650 700 0.85 0.88
32 14 16 1 0 4000 650 700 0.88 0.9
32 14 16 1 0 4000 700 800 -1 0.55
32 14 16 1 0 4000 700 800 0.55 0.65
32 14 16 1 0 4000 700 800 0.65 0.75
32 14 16 1 0 4000 700 800 0.75 0.8
32 14 16 1 0 4000 700 800 0.8 0.85
32 14 16 1 0 4000 700 800 0.85 0.88
32 14 16 1 0 4000 700 800 0.88 0.9
32 14 16 1 0 4000 700 800 0.9 0.92
32 14 16 1 0 4000 800 900 -1 0.55
32 14 16 1 0 4000 800 900 0.55 0.65
32 14 16 1 0 4000 800 900 0.65 0.75
32 14 16 1 0 4000 800 900 0.75 0.8
32 14 16 1 0 4000 800 900 0.8 0.85
32 14 16 1 0 4000 800 900 0.85 0.88
32 14 16 1 0 4000 800 900 0.88 0.9
32 14 16 1 0 4000 800 900 0.9 0.92
32 14 16 1 0 4000 900 1000 -1 0.55
32 14 16 1 0 4000 900 1000 0.55 0.65
32 14 16 1 0 4000 900 1000 0.65 0.75
32 14 16 1 0 4000 900 1000 0.75 0.8
32 14 16 1 0 4000 900 1000 0.8 0.85
32 14 16 1 0 4000 900 1000 0.85 0.88
32 14 16 1 0 4000 900 1000 0.88 0.9
32 14 16 1 0 4000 900 1000 0.9 0.92
32 14 16 1 0 4000 900 1000 0.93 0.94
32 14 16 1 0 4000 1000 1100 -1 0.55
32 14 16 1 0 4000 1000 1100 0.55 0.65
32 14 16 1 0 4000 1000 1100 0.65 0.75
32 14 16 1 0 4000 1000 1100 0.75 0.8
32 14 16 1 0 4000 1000 1100 0.8 0.85
32 14 16 1 0 4000 1000 1100 0.85 0.88
32 14 16 1 0 4000 1000 1100 0.88 0.9
32 14 16 1 0 4000 1000 1100 0.9 0.92
32 14 16 1 0 4000 1000 1100 0.93 0.94
32 14 16 1 0 4000 1100 1200 0.55 0.65
32 14 16 1 0 4000 1100 1200 0.65 0.75
32 14 16 1 0 4000 1100 1200 0.75 0.8
32 14 16 1 0 4000 1100 1200 0.8 0.85
32 14 16 1 0 4000 1100 1200 0.85 0.88
32 14 16 1 0 4000 1100 1200 0.88 0.9
32 14 16 1 0 4000 1100 1200 0.9 0.92
32 14 16 1 0 4000 1200 1300 0.65 0.75
32 14 16 1 0 4000 1200 1300 0.75 0.8
32 14 16 1 0 4000 1200 1300 0.8 0.85
32 14 16 1 0 4000 1200 1300 0.85 0.88
32 14 16 1 0 4000 1200 1300 0.88 0.9
32 14 16 1 0 4000 1200 1300 0.9 0.92
32 14 16 1 0 4000 1200 1300 0.92 0.93
32 14 16 1 0 4000 1200 1300 0.93 0.94
32 14 16 1 0 4000 1200 1300 0.94 0.95
32 14 16 1 0 4000 1300 1500 0.65 0.75
32 14 16 1 0 4000 1300 1500 0.75 0.8
32 14 16 1 0 4000 1300 1500 0.8 0.85
32 14 16 1 0 4000 1300 1500 0.85 0.88
32 14 16 1 0 4000 1300 1500 0.88 0.9
32 14 16 1 0 4000 1300 1500 0.9 0.92
32 14 16 1 0 4000 1300 1500 0.92 0.93
32 14 16 1 0 4000 1300 1500 0.93 0.94
32 14 16 1 0 4000 1300 1500 0.94 0.95
32 14 16 1 0 4000 1300 1500 0.95 0.96
32 14 16 1 0 4000 1300 1500 0.96 0.97
32 14 16 1 0 4000 1500 1600 0.75 0.8
32 14 16 1 0 4000 1500 1600 0.8 0.85
32 14 16 1 0 4000 1500 1600 0.85 0.88
32 14 16 1 0 4000 1500 1600 0.88 0.9
32 14 16 1 0 4000 1500 1600 0.9 0.92
32 14 16 1 0 4000 1500 1600 0.93 0.94
32 14 16 1 0 4000 1500 1600 0.94 0.95
32 14 16 1 0 4000 1500 1600 0.96 0.97
32 14 16 1 0 4000 1600 1750 0.8 0.85
32 14 16 1 0 4000 1600 1750 0.85 0.88
32 14 16 1 0 4000 1600 1750 0.88 0.9
32 14 16 1 0 4000 1600 1750 0.9 0.92
32 14 16 1 0 4000 1600 1750 0.92 0.93
32 14 16 1 0 4000 1600 1750 0.93 0.94
32 14 16 1 0 4000 1600 1750 0.94 0.95
32 14 16 1 0 4000 1600 1750 0.95 0.96
32 14 16 1 0 4000 1600 1750 0.96 0.97
32 14 16 1 0 4000 1750 2000 0.8 0.85
32 14 16 1 0 4000 1750 2000 0.85 0.88
32 14 16 1 0 4000 1750 2000 0.88 0.9
32 14 16 1 0 4000 1750 2000 0.9 0.92
32 14 16 1 0 4000 1750 2000 0.92 0.93
32 14 16 1 0 4000 1750 2000 0.93 0.94
32 14 16 1 0 4000 1750 2000 0.94 0.95
32 14 16 1 0 4000 1750 2000 0.95 0.96
32 14 16 1 0 4000 1750 2000 0.96 0.97
32 14 16 1 0 4000 1750 2000 0.97 0.98
32 14 16 1 0 4000 1750 2000 0.98 0.988
32 14 16 1 0 4000 2000 2750 0.8 0.85
32 14 16 1 0 4000 2000 2750 0.85 0.88
32 14 16 1 0 4000 2000 2750 0.88 0.9
32 14 16 1 0 4000 2000 2750 0.9 0.92
32 14 16 1 0 4000 2000 2750 0.92 0.93
32 14 16 1 0 4000 2000 2750 0.93 0.94
32 14 16 1 0 4000 2000 2750 0.94 0.95
32 14 16 1 0 4000 2000 2750 0.95 0.96
32 14 16 1 0 4000 2000 2750 0.96 0.97
32 14 16 1 0 4000 2000 2750 0.97 0.98
32 14 16 1 0 4000 2000 2750 0.98 0.988
32 14 16 1 0 4000 2000 2750 0.988 1
32 14 16 1 0 4000 2750 5000 0.8 0.85
32 14 16 1 0 4000 2750 5000 0.9 0.92
32 14 16 1 0 4000 2750 5000 0.92 0.93
32 14 16 1 0 4000 2750 5000 0.93 0.94
32 14 16 1 0 4000 2750 5000 0.94 0.95
32 14 16 1 0 4000 2750 5000 0.95 0.96
32 14 16 1 0 4000 2750 5000 0.96 0.97
32 14 16 1 0 4000 2750 5000 0.97 0.98
32 14 16 1 0 4000 2750 5000 0.98 0.988
32 14 16 1 0 4000 2750 5000 0.988 1
32 14 16 1 0 4000 5000 30000 0.97 0.98
34 14 16 1 0 4000 0 300 -1 0.6
34 14 16 1 0 4000 300 350 -1 0.6
34 14 16 1 0 4000 350 400 -1 0.6
34 14 16 1 0 4000 400 500 -1 0.6
34 14 16 1 0 4000 400 500 0.6 0.68
34 14 16 1 0 4000 400 500 0.68 0.74
34 14 16 1 0 4000 400 500 0.79 0.85
34 14 16 1 0 4000 400 500 0.85 0.9
34 14 16 1 0 4000 500 600 -1 0.6
34 14 16 1 0 4000 500 600 0.6 0.68
34 14 16 1 0 4000 500 600 0.68 0.74
34 14 16 1 0 4000 500 600 0.74 0.79
34 14 16 1 0 4000 500 600 0.79 0.85
34 14 16 1 0 4000 500 600 0.85 0.9
34 14 16 1 0 4000 600 650 -1 0.6
34 14 16 1 0 4000 700 750 -1 0.6
34 14 16 1 0 4000 800 900 -1 0.6
34 14 16 1 0 4000 1200 1500 0.74 0.79
34 14 16 1 0 4000 1200 1500 0.79 0.85
34 14 16 1 0 4000 1200 1500 0.85 0.9
34 14 16 1 0 4000 1500 2000 0.79 0.85
34 14 16 1 0 4000 1500 2000 0.85 0.9
34 14 16 1 0 4000 2000 5000 0.85 0.9
34 14 16 1 0 4000 2000 5000 0.97 0.98
34 14 16 1 0 4000 2000 5000 0.98 0.99
36 14 16 1 0 4000 350 500 -1 0.6
37 14 16 1 0 4000 0 300 -1 0.6
37 14 16 1 0 4000 0 300 0.6 0.7
37 14 16 1 0 4000 300 400 -1 0.6
37 14 16 1 0 4000 300 400 0.6 0.7
37 14 16 1 0 4000 300 400 0.7 0.76
37 14 16 1 0 4000 300 400 0.76 0.8
37 14 16 1 0 4000 300 400 0.8 0.84
37 14 16 1 0 4000 400 500 -1 0.6
37 14 16 1 0 4000 400 500 0.6 0.7
37 14 16 1 0 4000 400 500 0.7 0.76
37 14 16 1 0 4000 400 500 0.76 0.8
37 14 16 1 0 4000 400 500 0.8 0.84
37 14 16 1 0 4000 400 500 0.84 0.86
37 14 16 1 0 4000 400 500 0.86 0.88
37 14 16 1 0 4000 500 600 -1 0.6
37 14 16 1 0 4000 500 600 0.6 0.7
37 14 16 1 0 4000 500 600 0.7 0.76
37 14 16 1 0 4000 500 600 0.76 0.8
37 14 16 1 0 4000 500 600 0.8 0.84
37 14 16 1 0 4000 500 600 0.84 0.86
37 14 16 1 0 4000 500 600 0.86 0.88
37 14 16 1 0 4000 500 600 0.9 0.91
37 14 16 1 0 4000 500 600 0.91 0.92
37 14 16 1 0 4000 500 600 0.95 0.96
37 14 16 1 0 4000 600 650 -1 0.6
37 14 16 1 0 4000 600 650 0.6 0.7
37 14 16 1 0 4000 600 650 0.7 0.76
37 14 16 1 0 4000 600 650 0.76 0.8
37 14 16 1 0 4000 600 650 0.8 0.84
37 14 16 1 0 4000 650 700 -1 0.6
37 14 16 1 0 4000 650 700 0.6 0.7
37 14 16 1 0 4000 650 700 0.76 0.8
37 14 16 1 0 4000 650 700 0.8 0.84
37 14 16 1 0 4000 700 750 -1 0.6
37 14 16 1 0 4000 700 750 0.7 0.76
37 14 16 1 0 4000 750 800 -1 0.6
37 14 16 1 0 4000 750 800 0.6 0.7
37 14 16 1 0 4000 750 800 0.7 0.76
37 14 16 1 0 4000 800 900 -1 0.6
37 14 16 1 0 4000 800 900 0.7 0.76
37 14 16 1 0 4000 800 900 0.76 0.8
37 14 16 1 0 4000 800 900 0.8 0.84
37 14 16 1 0 4000 900 1000 0.76 0.8
37 14 16 1 0 4000 1000 1100 0.76 0.8
37 14 16 1 0 4000 1100 1250 0.7 0.76
37 14 16 1 0 4000 1100 1250 0.8 0.84
37 14 16 1 0 4000 1250 1500 0.93 0.94
37 14 16 1 0 4000 1250 1500 0.96 0.97
37 14 16 1 0 4000 1250 1500 0.98 0.99
37 14 16 1 0 4000 2000 2500 0.95 0.96
37 14 16 1 0 4000 2000 2500 0.96 0.97
37 14 16 1 0 4000 2000 2500 0.97 0.98
37 14 16 1 0 4000 2000 2500 0.98 0.99
37 14 16 1 0 4000 2000 2500 0.995 1
37 14 16 1 0 4000 2500 3000 0.96 0.97
37 14 16 1 0 4000 2500 3000 0.98 0.99
37 14 16 1 0 4000 3000 5000 0.97 0.98
37 14 16 1 0 4000 3000 5000 0.98 0.99
37 14 16 1 0 4000 3000 5000 0.99 0.995
37 14 16 1 0 4000 3000 5000 0.995 1
66 14 16 1 0 4000 1300 2500 0.8 0.9
77 14 16 1 0 4000 0 300 -1 0.7
77 14 16 1 0 4000 0 300 0.7 0.8
77 14 16 1 0 4000 300 500 -1 0.7
77 14 16 1 0 4000 300 500 0.7 0.8
77 14 16 1 0 4000 300 500 0.8 0.85
77 14 16 1 0 4000 300 500 0.85 0.88
77 14 16 1 0 4000 300 500 0.88 0.9
77 14 16 1 0 4000 300 500 0.9 0.92
77 14 16 1 0 4000 300 500 0.92 0.94
77 14 16 1 0 4000 500 700 -1 0.7
77 14 16 1 0 4000 500 700 0.7 0.8
77 14 16 1 0 4000 500 700 0.8 0.85
77 14 16 1 0 4000 500 700 0.85 0.88
77 14 16 1 0 4000 500 700 0.88 0.9
77 14 16 1 0 4000 500 700 0.9 0.92
77 14 16 1 0 4000 500 700 0.92 0.94
77 14 16 1 0 4000 500 700 0.94 0.96
77 14 16 1 0 4000 500 700 0.96 0.97
77 14 16 1 0 4000 500 700 0.97 0.98
77 14 16 1 0 4000 700 800 -1 0.7
77 14 16 1 0 4000 700 800 0.7 0.8
77 14 16 1 0 4000 700 800 0.8 0.85
77 14 16 1 0 4000 700 800 0.85 0.88
77 14 16 1 0 4000 700 800 0.88 0.9
77 14 16 1 0 4000 700 800 0.9 0.92
77 14 16 1 0 4000 700 800 0.92 0.94
77 14 16 1 0 4000 700 800 0.94 0.96
77 14 16 1 0 4000 700 800 0.96 0.97
77 14 16 1 0 4000 700 800 0.98 0.99
77 14 16 1 0 4000 800 900 -1 0.7
77 14 16 1 0 4000 800 900 0.7 0.8
77 14 16 1 0 4000 800 900 0.8 0.85
77 14 16 1 0 4000 800 900 0.85 0.88
77 14 16 1 0 4000 800 900 0.88 0.9
77 14 16 1 0 4000 800 900 0.9 0.92
77 14 16 1 0 4000 800 900 0.92 0.94
77 14 16 1 0 4000 800 900 0.94 0.96
77 14 16 1 0 4000 800 900 0.96 0.97
77 14 16 1 0 4000 800 900 0.97 0.98
77 14 16 1 0 4000 800 900 0.99 1
77 14 16 1 0 4000 900 1250 -1 0.7
77 14 16 1 0 4000 900 1250 0.7 0.8
77 14 16 1 0 4000 900 1250 0.8 0.85
77 14 16 1 0 4000 900 1250 0.85 0.88
77 14 16 1 0 4000 900 1250 0.88 0.9
77 14 16 1 0 4000 900 1250 0.9 0.92
77 14 16 1 0 4000 900 1250 0.92 0.94
77 14 16 1 0 4000 900 1250 0.94 0.96
77 14 16 1 0 4000 900 1250 0.96 0.97
77 14 16 1 0 4000 900 1250 0.97 0.98
77 14 16 1 0 4000 900 1250 0.98 0.99
77 14 16 1 0 4000 900 1250 0.99 1
77 14 16 1 0 4000 1250 1500 0.7 0.8
77 14 16 1 0 4000 1250 1500 0.8 0.85
77 14 16 1 0 4000 1250 1500 0.85 0.88
77 14 16 1 0 4000 1250 1500 0.88 0.9
77 14 16 1 0 4000 1250 1500 0.9 0.92
77 14 16 1 0 4000 1250 1500 0.92 0.94
77 14 16 1 0 4000 1250 1500 0.94 0.96
77 14 16 1 0 4000 1250 1500 0.96 0.97
77 14 16 1 0 4000 1250 1500 0.97 0.98
77 14 16 1 0 4000 1250 1500 0.98 0.99
77 14 16 1 0 4000 1250 1500 0.99 1
77 14 16 1 0 4000 1500 2000 0.7 0.8
77 14 16 1 0 4000 1500 2000 0.8 0.85
77 14 16 1 0 4000 1500 2000 0.85 0.88
77 14 16 1 0 4000 1500 2000 0.88 0.9
77 14 16 1 0 4000 1500 2000 0.9 0.92
77 14 16 1 0 4000 1500 2000 0.92 0.94
77 14 16 1 0 4000 1500 2000 0.94 0.96
77 14 16 1 0 4000 1500 2000 0.96 0.97
77 14 16 1 0 4000 1500 2000 0.97 0.98
77 14 16 1 0 4000 1500 2000 0.98 0.99
77 14 16 1 0 4000 1500 2000 0.99 1
77 14 16 1 0 4000 2000 4000 0.8 0.85
77 14 16 1 0 4000 2000 4000 0.85 0.88
77 14 16 1 0 4000 2000 4000 0.88 0.9
77 14 16 1 0 4000 2000 4000 0.9 0.92
77 14 16 1 0 4000 2000 4000 0.92 0.94
77 14 16 1 0 4000 2000 4000 0.94 0.96
77 14 16 1 0 4000 2000 4000 0.96 0.97
77 14 16 1 0 4000 2000 4000 0.97 0.98
77 14 16 1 0 4000 2000 4000 0.98 0.99
77 14 16 1 0 4000 2000 4000 0.99 1
77 14 16 1 0 4000 4000 30000 0.97 0.98
77 14 16 1 0 4000 4000 30000 0.98 0.99
77 14 16 1 0 4000 4000 30000 0.99 1
78 14 16 1 0 4000 800 1500 -1 0.7
78 14 16 1 0 4000 800 1500 0.7 0.8
