variables: CosThetamu CosThetamu Pmu Pmu
-1 0.5 0 200
-1 0.5 200 300
-1 0.5 300 400
-1 0.5 400 450
-1 0.5 450 500
-1 0.5 500 550
-1 0.5 550 600
-1 0.5 600 650
-1 0.5 650 700
-1 0.5 700 750
-1 0.5 750 800
-1 0.5 800 850
-1 0.5 850 900
-1 0.5 900 950
-1 0.5 950 1000
-1 0.5 1000 1050
-1 0.5 1050 1100
-1 0.5 1100 1200
-1 0.5 1200 1300
-1 0.5 1300 1400
-1 0.5 1400 1500
-1 0.5 1500 1600
-1 0.5 1600 1700
-1 0.5 1700 1800
-1 0.5 1800 2000
-1 0.5 2000 2500
-1 0.5 2500 3000
-1 0.5 3000 5000
-1 0.5 5000 30000
0.5 0.6 0 200
0.5 0.6 200 300
0.5 0.6 300 400
0.5 0.6 400 450
0.5 0.6 450 500
0.5 0.6 500 550
0.5 0.6 550 600
0.5 0.6 600 650
0.5 0.6 650 700
0.5 0.6 700 750
0.5 0.6 750 800
0.5 0.6 800 850
0.5 0.6 850 900
0.5 0.6 900 950
0.5 0.6 950 1000
0.5 0.6 1000 1050
0.5 0.6 1050 1100
0.5 0.6 1100 1200
0.5 0.6 1200 1300
0.5 0.6 1300 1400
0.5 0.6 1400 1500
0.5 0.6 1500 1600
0.5 0.6 1600 1700
0.5 0.6 1700 1800
0.5 0.6 1800 2000
0.5 0.6 2000 2500
0.5 0.6 2500 3000
0.5 0.6 3000 5000
0.5 0.6 5000 30000
0.6 0.7 0 200
0.6 0.7 200 300
0.6 0.7 300 400
0.6 0.7 400 450
0.6 0.7 450 500
0.6 0.7 500 550
0.6 0.7 550 600
0.6 0.7 600 650
0.6 0.7 650 700
0.6 0.7 700 750
0.6 0.7 750 800
0.6 0.7 800 850
0.6 0.7 850 900
0.6 0.7 900 950
0.6 0.7 950 1000
0.6 0.7 1000 1050
0.6 0.7 1050 1100
0.6 0.7 1100 1200
0.6 0.7 1200 1300
0.6 0.7 1300 1400
0.6 0.7 1400 1500
0.6 0.7 1500 1600
0.6 0.7 1600 1700
0.6 0.7 1700 1800
0.6 0.7 1800 2000
0.6 0.7 2000 2500
0.6 0.7 2500 3000
0.6 0.7 3000 5000
0.6 0.7 5000 30000
0.7 0.76 0 200
0.7 0.76 200 300
0.7 0.76 300 400
0.7 0.76 400 450
0.7 0.76 450 500
0.7 0.76 500 550
0.7 0.76 550 600
0.7 0.76 600 650
0.7 0.76 650 700
0.7 0.76 700 750
0.7 0.76 750 800
0.7 0.76 800 850
0.7 0.76 850 900
0.7 0.76 900 950
0.7 0.76 950 1000
0.7 0.76 1000 1050
0.7 0.76 1050 1100
0.7 0.76 1100 1200
0.7 0.76 1200 1300
0.7 0.76 1300 1400
0.7 0.76 1400 1500
0.7 0.76 1500 1600
0.7 0.76 1600 1700
0.7 0.76 1700 1800
0.7 0.76 1800 2000
0.7 0.76 2000 2500
0.7 0.76 2500 3000
0.7 0.76 3000 5000
0.7 0.76 5000 30000
0.76 0.78 0 200
0.76 0.78 200 300
0.76 0.78 300 400
0.76 0.78 400 450
0.76 0.78 450 500
0.76 0.78 500 550
0.76 0.78 550 600
0.76 0.78 600 650
0.76 0.78 650 700
0.76 0.78 700 750
0.76 0.78 750 800
0.76 0.78 800 850
0.76 0.78 850 900
0.76 0.78 900 950
0.76 0.78 950 1000
0.76 0.78 1000 1050
0.76 0.78 1050 1100
0.76 0.78 1100 1200
0.76 0.78 1200 1300
0.76 0.78 1300 1400
0.76 0.78 1400 1500
0.76 0.78 1500 1600
0.76 0.78 1600 1700
0.76 0.78 1700 1800
0.76 0.78 1800 2000
0.76 0.78 2000 2500
0.76 0.78 2500 3000
0.76 0.78 3000 5000
0.76 0.78 5000 30000
0.78 0.8 0 200
0.78 0.8 200 300
0.78 0.8 300 400
0.78 0.8 400 450
0.78 0.8 450 500
0.78 0.8 500 550
0.78 0.8 550 600
0.78 0.8 600 650
0.78 0.8 650 700
0.78 0.8 700 750
0.78 0.8 750 800
0.78 0.8 800 850
0.78 0.8 850 900
0.78 0.8 900 950
0.78 0.8 950 1000
0.78 0.8 1000 1050
0.78 0.8 1050 1100
0.78 0.8 1100 1200
0.78 0.8 1200 1300
0.78 0.8 1300 1400
0.78 0.8 1400 1500
0.78 0.8 1500 1600
0.78 0.8 1600 1700
0.78 0.8 1700 1800
0.78 0.8 1800 2000
0.78 0.8 2000 2500
0.78 0.8 2500 3000
0.78 0.8 3000 5000
0.78 0.8 5000 30000
0.8 0.83 0 200
0.8 0.83 200 300
0.8 0.83 300 400
0.8 0.83 400 450
0.8 0.83 450 500
0.8 0.83 500 550
0.8 0.83 550 600
0.8 0.83 600 650
0.8 0.83 650 700
0.8 0.83 700 750
0.8 0.83 750 800
0.8 0.83 800 850
0.8 0.83 850 900
0.8 0.83 900 950
0.8 0.83 950 1000
0.8 0.83 1000 1050
0.8 0.83 1050 1100
0.8 0.83 1100 1200
0.8 0.83 1200 1300
0.8 0.83 1300 1400
0.8 0.83 1400 1500
0.8 0.83 1500 1600
0.8 0.83 1600 1700
0.8 0.83 1700 1800
0.8 0.83 1800 2000
0.8 0.83 2000 2500
0.8 0.83 2500 3000
0.8 0.83 3000 5000
0.8 0.83 5000 30000
0.83 0.85 0 200
0.83 0.85 200 300
0.83 0.85 300 400
0.83 0.85 400 450
0.83 0.85 450 500
0.83 0.85 500 550
0.83 0.85 550 600
0.83 0.85 600 650
0.83 0.85 650 700
0.83 0.85 700 750
0.83 0.85 750 800
0.83 0.85 800 850
0.83 0.85 850 900
0.83 0.85 900 950
0.83 0.85 950 1000
0.83 0.85 1000 1050
0.83 0.85 1050 1100
0.83 0.85 1100 1200
0.83 0.85 1200 1300
0.83 0.85 1300 1400
0.83 0.85 1400 1500
0.83 0.85 1500 1600
0.83 0.85 1600 1700
0.83 0.85 1700 1800
0.83 0.85 1800 2000
0.83 0.85 2000 2500
0.83 0.85 2500 3000
0.83 0.85 3000 5000
0.83 0.85 5000 30000
0.85 0.88 0 200
0.85 0.88 200 300
0.85 0.88 300 400
0.85 0.88 400 450
0.85 0.88 450 500
0.85 0.88 500 550
0.85 0.88 550 600
0.85 0.88 600 650
0.85 0.88 650 700
0.85 0.88 700 750
0.85 0.88 750 800
0.85 0.88 800 850
0.85 0.88 850 900
0.85 0.88 900 950
0.85 0.88 950 1000
0.85 0.88 1000 1050
0.85 0.88 1050 1100
0.85 0.88 1100 1200
0.85 0.88 1200 1300
0.85 0.88 1300 1400
0.85 0.88 1400 1500
0.85 0.88 1500 1600
0.85 0.88 1600 1700
0.85 0.88 1700 1800
0.85 0.88 1800 2000
0.85 0.88 2000 2500
0.85 0.88 2500 3000
0.85 0.88 3000 5000
0.85 0.88 5000 30000
0.88 0.89 0 200
0.88 0.89 200 300
0.88 0.89 300 400
0.88 0.89 400 450
0.88 0.89 450 500
0.88 0.89 500 550
0.88 0.89 550 600
0.88 0.89 600 650
0.88 0.89 650 700
0.88 0.89 700 750
0.88 0.89 750 800
0.88 0.89 800 850
0.88 0.89 850 900
0.88 0.89 900 950
0.88 0.89 950 1000
0.88 0.89 1000 1050
0.88 0.89 1050 1100
0.88 0.89 1100 1200
0.88 0.89 1200 1300
0.88 0.89 1300 1400
0.88 0.89 1400 1500
0.88 0.89 1500 1600
0.88 0.89 1600 1700
0.88 0.89 1700 1800
0.88 0.89 1800 2000
0.88 0.89 2000 2500
0.88 0.89 2500 3000
0.88 0.89 3000 5000
0.88 0.89 5000 30000
0.89 0.9 0 200
0.89 0.9 200 300
0.89 0.9 300 400
0.89 0.9 400 450
0.89 0.9 450 500
0.89 0.9 500 550
0.89 0.9 550 600
0.89 0.9 600 650
0.89 0.9 650 700
0.89 0.9 700 750
0.89 0.9 750 800
0.89 0.9 800 850
0.89 0.9 850 900
0.89 0.9 900 950
0.89 0.9 950 1000
0.89 0.9 1000 1050
0.89 0.9 1050 1100
0.89 0.9 1100 1200
0.89 0.9 1200 1300
0.89 0.9 1300 1400
0.89 0.9 1400 1500
0.89 0.9 1500 1600
0.89 0.9 1600 1700
0.89 0.9 1700 1800
0.89 0.9 1800 2000
0.89 0.9 2000 2500
0.89 0.9 2500 3000
0.89 0.9 3000 5000
0.89 0.9 5000 30000
0.9 0.91 0 200
0.9 0.91 200 300
0.9 0.91 300 400
0.9 0.91 400 450
0.9 0.91 450 500
0.9 0.91 500 550
0.9 0.91 550 600
0.9 0.91 600 650
0.9 0.91 650 700
0.9 0.91 700 750
0.9 0.91 750 800
0.9 0.91 800 850
0.9 0.91 850 900
0.9 0.91 900 950
0.9 0.91 950 1000
0.9 0.91 1000 1050
0.9 0.91 1050 1100
0.9 0.91 1100 1200
0.9 0.91 1200 1300
0.9 0.91 1300 1400
0.9 0.91 1400 1500
0.9 0.91 1500 1600
0.9 0.91 1600 1700
0.9 0.91 1700 1800
0.9 0.91 1800 2000
0.9 0.91 2000 2500
0.9 0.91 2500 3000
0.9 0.91 3000 5000
0.9 0.91 5000 30000
0.91 0.92 0 200
0.91 0.92 200 300
0.91 0.92 300 400
0.91 0.92 400 450
0.91 0.92 450 500
0.91 0.92 500 550
0.91 0.92 550 600
0.91 0.92 600 650
0.91 0.92 650 700
0.91 0.92 700 750
0.91 0.92 750 800
0.91 0.92 800 850
0.91 0.92 850 900
0.91 0.92 900 950
0.91 0.92 950 1000
0.91 0.92 1000 1050
0.91 0.92 1050 1100
0.91 0.92 1100 1200
0.91 0.92 1200 1300
0.91 0.92 1300 1400
0.91 0.92 1400 1500
0.91 0.92 1500 1600
0.91 0.92 1600 1700
0.91 0.92 1700 1800
0.91 0.92 1800 2000
0.91 0.92 2000 2500
0.91 0.92 2500 3000
0.91 0.92 3000 5000
0.91 0.92 5000 30000
0.92 0.925 0 200
0.92 0.925 200 300
0.92 0.925 300 400
0.92 0.925 400 450
0.92 0.925 450 500
0.92 0.925 500 550
0.92 0.925 550 600
0.92 0.925 600 650
0.92 0.925 650 700
0.92 0.925 700 750
0.92 0.925 750 800
0.92 0.925 800 850
0.92 0.925 850 900
0.92 0.925 900 950
0.92 0.925 950 1000
0.92 0.925 1000 1050
0.92 0.925 1050 1100
0.92 0.925 1100 1200
0.92 0.925 1200 1300
0.92 0.925 1300 1400
0.92 0.925 1400 1500
0.92 0.925 1500 1600
0.92 0.925 1600 1700
0.92 0.925 1700 1800
0.92 0.925 1800 2000
0.92 0.925 2000 2500
0.92 0.925 2500 3000
0.92 0.925 3000 5000
0.92 0.925 5000 30000
0.925 0.93 0 200
0.925 0.93 200 300
0.925 0.93 300 400
0.925 0.93 400 450
0.925 0.93 450 500
0.925 0.93 500 550
0.925 0.93 550 600
0.925 0.93 600 650
0.925 0.93 650 700
0.925 0.93 700 750
0.925 0.93 750 800
0.925 0.93 800 850
0.925 0.93 850 900
0.925 0.93 900 950
0.925 0.93 950 1000
0.925 0.93 1000 1050
0.925 0.93 1050 1100
0.925 0.93 1100 1200
0.925 0.93 1200 1300
0.925 0.93 1300 1400
0.925 0.93 1400 1500
0.925 0.93 1500 1600
0.925 0.93 1600 1700
0.925 0.93 1700 1800
0.925 0.93 1800 2000
0.925 0.93 2000 2500
0.925 0.93 2500 3000
0.925 0.93 3000 5000
0.925 0.93 5000 30000
0.93 0.935 0 200
0.93 0.935 200 300
0.93 0.935 300 400
0.93 0.935 400 450
0.93 0.935 450 500
0.93 0.935 500 550
0.93 0.935 550 600
0.93 0.935 600 650
0.93 0.935 650 700
0.93 0.935 700 750
0.93 0.935 750 800
0.93 0.935 800 850
0.93 0.935 850 900
0.93 0.935 900 950
0.93 0.935 950 1000
0.93 0.935 1000 1050
0.93 0.935 1050 1100
0.93 0.935 1100 1200
0.93 0.935 1200 1300
0.93 0.935 1300 1400
0.93 0.935 1400 1500
0.93 0.935 1500 1600
0.93 0.935 1600 1700
0.93 0.935 1700 1800
0.93 0.935 1800 2000
0.93 0.935 2000 2500
0.93 0.935 2500 3000
0.93 0.935 3000 5000
0.93 0.935 5000 30000
0.935 0.94 0 200
0.935 0.94 200 300
0.935 0.94 300 400
0.935 0.94 400 450
0.935 0.94 450 500
0.935 0.94 500 550
0.935 0.94 550 600
0.935 0.94 600 650
0.935 0.94 650 700
0.935 0.94 700 750
0.935 0.94 750 800
0.935 0.94 800 850
0.935 0.94 850 900
0.935 0.94 900 950
0.935 0.94 950 1000
0.935 0.94 1000 1050
0.935 0.94 1050 1100
0.935 0.94 1100 1200
0.935 0.94 1200 1300
0.935 0.94 1300 1400
0.935 0.94 1400 1500
0.935 0.94 1500 1600
0.935 0.94 1600 1700
0.935 0.94 1700 1800
0.935 0.94 1800 2000
0.935 0.94 2000 2500
0.935 0.94 2500 3000
0.935 0.94 3000 5000
0.935 0.94 5000 30000
0.94 0.945 0 200
0.94 0.945 200 300
0.94 0.945 300 400
0.94 0.945 400 450
0.94 0.945 450 500
0.94 0.945 500 550
0.94 0.945 550 600
0.94 0.945 600 650
0.94 0.945 650 700
0.94 0.945 700 750
0.94 0.945 750 800
0.94 0.945 800 850
0.94 0.945 850 900
0.94 0.945 900 950
0.94 0.945 950 1000
0.94 0.945 1000 1050
0.94 0.945 1050 1100
0.94 0.945 1100 1200
0.94 0.945 1200 1300
0.94 0.945 1300 1400
0.94 0.945 1400 1500
0.94 0.945 1500 1600
0.94 0.945 1600 1700
0.94 0.945 1700 1800
0.94 0.945 1800 2000
0.94 0.945 2000 2500
0.94 0.945 2500 3000
0.94 0.945 3000 5000
0.94 0.945 5000 30000
0.945 0.95 0 200
0.945 0.95 200 300
0.945 0.95 300 400
0.945 0.95 400 450
0.945 0.95 450 500
0.945 0.95 500 550
0.945 0.95 550 600
0.945 0.95 600 650
0.945 0.95 650 700
0.945 0.95 700 750
0.945 0.95 750 800
0.945 0.95 800 850
0.945 0.95 850 900
0.945 0.95 900 950
0.945 0.95 950 1000
0.945 0.95 1000 1050
0.945 0.95 1050 1100
0.945 0.95 1100 1200
0.945 0.95 1200 1300
0.945 0.95 1300 1400
0.945 0.95 1400 1500
0.945 0.95 1500 1600
0.945 0.95 1600 1700
0.945 0.95 1700 1800
0.945 0.95 1800 2000
0.945 0.95 2000 2500
0.945 0.95 2500 3000
0.945 0.95 3000 5000
0.945 0.95 5000 30000
0.95 0.955 0 200
0.95 0.955 200 300
0.95 0.955 300 400
0.95 0.955 400 450
0.95 0.955 450 500
0.95 0.955 500 550
0.95 0.955 550 600
0.95 0.955 600 650
0.95 0.955 650 700
0.95 0.955 700 750
0.95 0.955 750 800
0.95 0.955 800 850
0.95 0.955 850 900
0.95 0.955 900 950
0.95 0.955 950 1000
0.95 0.955 1000 1050
0.95 0.955 1050 1100
0.95 0.955 1100 1200
0.95 0.955 1200 1300
0.95 0.955 1300 1400
0.95 0.955 1400 1500
0.95 0.955 1500 1600
0.95 0.955 1600 1700
0.95 0.955 1700 1800
0.95 0.955 1800 2000
0.95 0.955 2000 2500
0.95 0.955 2500 3000
0.95 0.955 3000 5000
0.95 0.955 5000 30000
0.955 0.96 0 200
0.955 0.96 200 300
0.955 0.96 300 400
0.955 0.96 400 450
0.955 0.96 450 500
0.955 0.96 500 550
0.955 0.96 550 600
0.955 0.96 600 650
0.955 0.96 650 700
0.955 0.96 700 750
0.955 0.96 750 800
0.955 0.96 800 850
0.955 0.96 850 900
0.955 0.96 900 950
0.955 0.96 950 1000
0.955 0.96 1000 1050
0.955 0.96 1050 1100
0.955 0.96 1100 1200
0.955 0.96 1200 1300
0.955 0.96 1300 1400
0.955 0.96 1400 1500
0.955 0.96 1500 1600
0.955 0.96 1600 1700
0.955 0.96 1700 1800
0.955 0.96 1800 2000
0.955 0.96 2000 2500
0.955 0.96 2500 3000
0.955 0.96 3000 5000
0.955 0.96 5000 30000
0.96 0.965 0 200
0.96 0.965 200 300
0.96 0.965 300 400
0.96 0.965 400 450
0.96 0.965 450 500
0.96 0.965 500 550
0.96 0.965 550 600
0.96 0.965 600 650
0.96 0.965 650 700
0.96 0.965 700 750
0.96 0.965 750 800
0.96 0.965 800 850
0.96 0.965 850 900
0.96 0.965 900 950
0.96 0.965 950 1000
0.96 0.965 1000 1050
0.96 0.965 1050 1100
0.96 0.965 1100 1200
0.96 0.965 1200 1300
0.96 0.965 1300 1400
0.96 0.965 1400 1500
0.96 0.965 1500 1600
0.96 0.965 1600 1700
0.96 0.965 1700 1800
0.96 0.965 1800 2000
0.96 0.965 2000 2500
0.96 0.965 2500 3000
0.96 0.965 3000 5000
0.96 0.965 5000 30000
0.965 0.97 0 200
0.965 0.97 200 300
0.965 0.97 300 400
0.965 0.97 400 450
0.965 0.97 450 500
0.965 0.97 500 550
0.965 0.97 550 600
0.965 0.97 600 650
0.965 0.97 650 700
0.965 0.97 700 750
0.965 0.97 750 800
0.965 0.97 800 850
0.965 0.97 850 900
0.965 0.97 900 950
0.965 0.97 950 1000
0.965 0.97 1000 1050
0.965 0.97 1050 1100
0.965 0.97 1100 1200
0.965 0.97 1200 1300
0.965 0.97 1300 1400
0.965 0.97 1400 1500
0.965 0.97 1500 1600
0.965 0.97 1600 1700
0.965 0.97 1700 1800
0.965 0.97 1800 2000
0.965 0.97 2000 2500
0.965 0.97 2500 3000
0.965 0.97 3000 5000
0.965 0.97 5000 30000
0.97 0.975 0 200
0.97 0.975 200 300
0.97 0.975 300 400
0.97 0.975 400 450
0.97 0.975 450 500
0.97 0.975 500 550
0.97 0.975 550 600
0.97 0.975 600 650
0.97 0.975 650 700
0.97 0.975 700 750
0.97 0.975 750 800
0.97 0.975 800 850
0.97 0.975 850 900
0.97 0.975 900 950
0.97 0.975 950 1000
0.97 0.975 1000 1050
0.97 0.975 1050 1100
0.97 0.975 1100 1200
0.97 0.975 1200 1300
0.97 0.975 1300 1400
0.97 0.975 1400 1500
0.97 0.975 1500 1600
0.97 0.975 1600 1700
0.97 0.975 1700 1800
0.97 0.975 1800 2000
0.97 0.975 2000 2500
0.97 0.975 2500 3000
0.97 0.975 3000 5000
0.97 0.975 5000 30000
0.975 0.98 0 200
0.975 0.98 200 300
0.975 0.98 300 400
0.975 0.98 400 450
0.975 0.98 450 500
0.975 0.98 500 550
0.975 0.98 550 600
0.975 0.98 600 650
0.975 0.98 650 700
0.975 0.98 700 750
0.975 0.98 750 800
0.975 0.98 800 850
0.975 0.98 850 900
0.975 0.98 900 950
0.975 0.98 950 1000
0.975 0.98 1000 1050
0.975 0.98 1050 1100
0.975 0.98 1100 1200
0.975 0.98 1200 1300
0.975 0.98 1300 1400
0.975 0.98 1400 1500
0.975 0.98 1500 1600
0.975 0.98 1600 1700
0.975 0.98 1700 1800
0.975 0.98 1800 2000
0.975 0.98 2000 2500
0.975 0.98 2500 3000
0.975 0.98 3000 5000
0.975 0.98 5000 30000
0.98 0.985 0 200
0.98 0.985 200 300
0.98 0.985 300 400
0.98 0.985 400 450
0.98 0.985 450 500
0.98 0.985 500 550
0.98 0.985 550 600
0.98 0.985 600 650
0.98 0.985 650 700
0.98 0.985 700 750
0.98 0.985 750 800
0.98 0.985 800 850
0.98 0.985 850 900
0.98 0.985 900 950
0.98 0.985 950 1000
0.98 0.985 1000 1050
0.98 0.985 1050 1100
0.98 0.985 1100 1200
0.98 0.985 1200 1300
0.98 0.985 1300 1400
0.98 0.985 1400 1500
0.98 0.985 1500 1600
0.98 0.985 1600 1700
0.98 0.985 1700 1800
0.98 0.985 1800 2000
0.98 0.985 2000 2500
0.98 0.985 2500 3000
0.98 0.985 3000 5000
0.98 0.985 5000 30000
0.985 0.99 0 200
0.985 0.99 200 300
0.985 0.99 300 400
0.985 0.99 400 450
0.985 0.99 450 500
0.985 0.99 500 550
0.985 0.99 550 600
0.985 0.99 600 650
0.985 0.99 650 700
0.985 0.99 700 750
0.985 0.99 750 800
0.985 0.99 800 850
0.985 0.99 850 900
0.985 0.99 900 950
0.985 0.99 950 1000
0.985 0.99 1000 1050
0.985 0.99 1050 1100
0.985 0.99 1100 1200
0.985 0.99 1200 1300
0.985 0.99 1300 1400
0.985 0.99 1400 1500
0.985 0.99 1500 1600
0.985 0.99 1600 1700
0.985 0.99 1700 1800
0.985 0.99 1800 2000
0.985 0.99 2000 2500
0.985 0.99 2500 3000
0.985 0.99 3000 5000
0.985 0.99 5000 30000
0.99 0.995 0 200
0.99 0.995 200 300
0.99 0.995 300 400
0.99 0.995 400 450
0.99 0.995 450 500
0.99 0.995 500 550
0.99 0.995 550 600
0.99 0.995 600 650
0.99 0.995 650 700
0.99 0.995 700 750
0.99 0.995 750 800
0.99 0.995 800 850
0.99 0.995 850 900
0.99 0.995 900 950
0.99 0.995 950 1000
0.99 0.995 1000 1050
0.99 0.995 1050 1100
0.99 0.995 1100 1200
0.99 0.995 1200 1300
0.99 0.995 1300 1400
0.99 0.995 1400 1500
0.99 0.995 1500 1600
0.99 0.995 1600 1700
0.99 0.995 1700 1800
0.99 0.995 1800 2000
0.99 0.995 2000 2500
0.99 0.995 2500 3000
0.99 0.995 3000 5000
0.99 0.995 5000 30000
0.995 1 0 200
0.995 1 200 300
0.995 1 300 400
0.995 1 400 450
0.995 1 450 500
0.995 1 500 550
0.995 1 550 600
0.995 1 600 650
0.995 1 650 700
0.995 1 700 750
0.995 1 750 800
0.995 1 800 850
0.995 1 850 900
0.995 1 900 950
0.995 1 950 1000
0.995 1 1000 1050
0.995 1 1050 1100
0.995 1 1100 1200
0.995 1 1200 1300
0.995 1 1300 1400
0.995 1 1400 1500
0.995 1 1500 1600
0.995 1 1600 1700
0.995 1 1700 1800
0.995 1 1800 2000
0.995 1 2000 2500
0.995 1 2500 3000
0.995 1 3000 5000
0.995 1 5000 30000
