variables: SelectedSample CosThetamu CosThetamu Pmu Pmu
7 -1 0.5 0 200 
7 -1 0.5 200 300 
7 -1 0.5 300 800 
7 -1 0.5 800 850 
7 -1 0.5 850 2000 
7 -1 0.5 2000 5000 
7 -1 0.5 5000 30000 
7 0.5 0.6 0 200 
7 0.5 0.6 200 300 
7 0.5 0.6 300 800 
7 0.5 0.6 800 850 
7 0.5 0.6 850 2000 
7 0.5 0.6 2000 5000 
7 0.5 0.6 5000 30000 
7 0.6 0.72 0 200 
7 0.6 0.72 200 300 
7 0.6 0.72 300 800 
7 0.6 0.72 800 850 
7 0.6 0.72 850 2000 
7 0.6 0.72 2000 5000 
7 0.6 0.72 5000 30000 
7 0.72 0.82 0 200 
7 0.72 0.82 200 300 
7 0.72 0.82 300 800 
7 0.72 0.82 800 850 
7 0.72 0.82 850 2000 
7 0.72 0.82 2000 5000 
7 0.72 0.82 5000 30000 
7 0.82 0.86 0 200 
7 0.82 0.86 200 300 
7 0.82 0.86 300 800 
7 0.82 0.86 800 850 
7 0.82 0.86 850 2000 
7 0.82 0.86 2000 5000 
7 0.82 0.86 5000 30000 
7 0.86 0.9 0 200 
7 0.86 0.9 200 300 
7 0.86 0.9 300 800 
7 0.86 0.9 800 850 
7 0.86 0.9 850 2000 
7 0.86 0.9 2000 5000 
7 0.86 0.9 5000 30000 
7 0.9 0.95 0 200 
7 0.9 0.95 200 300 
7 0.9 0.95 300 800 
7 0.9 0.95 800 850 
7 0.9 0.95 850 2000 
7 0.9 0.95 2000 5000 
7 0.9 0.95 5000 30000 
7 0.95 0.96 0 200 
7 0.95 0.96 200 300 
7 0.95 0.96 300 800 
7 0.95 0.96 800 850 
7 0.95 0.96 850 2000 
7 0.95 0.96 2000 5000 
7 0.95 0.96 5000 30000 
7 0.96 1 0 200 
7 0.96 1 200 300 
7 0.96 1 300 800 
7 0.96 1 800 850 
7 0.96 1 850 2000 
7 0.96 1 2000 5000 
7 0.96 1 5000 30000 
8 -1 0.55 0 250 
8 -1 0.55 250 1200 
8 -1 0.55 1200 1300 
8 -1 0.55 1300 2750 
8 -1 0.55 2750 5000 
8 -1 0.55 5000 30000 
8 0.55 0.65 0 250 
8 0.55 0.65 250 1200 
8 0.55 0.65 1200 1300 
8 0.55 0.65 1300 2750 
8 0.55 0.65 2750 5000 
8 0.55 0.65 5000 30000 
8 0.65 0.8 0 250 
8 0.65 0.8 250 1200 
8 0.65 0.8 1200 1300 
8 0.65 0.8 1300 2750 
8 0.65 0.8 2750 5000 
8 0.65 0.8 5000 30000 
8 0.8 0.85 0 250 
8 0.8 0.85 250 1200 
8 0.8 0.85 1200 1300 
8 0.8 0.85 1300 2750 
8 0.8 0.85 2750 5000 
8 0.8 0.85 5000 30000 
8 0.85 0.97 0 250 
8 0.85 0.97 250 1200 
8 0.85 0.97 1200 1300 
8 0.85 0.97 1300 2750 
8 0.85 0.97 2750 5000 
8 0.85 0.97 5000 30000 
8 0.97 0.98 0 250 
8 0.97 0.98 250 1200 
8 0.97 0.98 1200 1300 
8 0.97 0.98 1300 2750 
8 0.97 0.98 2750 5000 
8 0.97 0.98 5000 30000 
8 0.98 0.988 0 250 
8 0.98 0.988 250 1200 
8 0.98 0.988 1200 1300 
8 0.98 0.988 1300 2750 
8 0.98 0.988 2750 5000 
8 0.98 0.988 5000 30000 
8 0.988 1 0 250 
8 0.988 1 250 1200 
8 0.988 1 1200 1300 
8 0.988 1 1300 2750 
8 0.988 1 2750 5000 
8 0.988 1 5000 30000 
10 -1 0.6 0 300 
10 -1 0.6 300 1000 
10 -1 0.6 1000 2000 
10 -1 0.6 2000 5000 
10 -1 0.6 5000 30000 
10 0.6 0.68 0 300 
10 0.6 0.68 300 1000 
10 0.6 0.68 1000 2000 
10 0.6 0.68 2000 5000 
10 0.6 0.68 5000 30000 
10 0.68 0.79 0 300 
10 0.68 0.79 300 1000 
10 0.68 0.79 1000 2000 
10 0.68 0.79 2000 5000 
10 0.68 0.79 5000 30000 
10 0.79 0.92 0 300 
10 0.79 0.92 300 1000 
10 0.79 0.92 1000 2000 
10 0.79 0.92 2000 5000 
10 0.79 0.92 5000 30000 
10 0.92 0.96 0 300 
10 0.92 0.96 300 1000 
10 0.92 0.96 1000 2000 
10 0.92 0.96 2000 5000 
10 0.92 0.96 5000 30000 
10 0.96 0.98 0 300 
10 0.96 0.98 300 1000 
10 0.96 0.98 1000 2000 
10 0.96 0.98 2000 5000 
10 0.96 0.98 5000 30000 
10 0.98 1 0 300 
10 0.98 1 300 1000 
10 0.98 1 1000 2000 
10 0.98 1 2000 5000 
10 0.98 1 5000 30000 
12 -1 0.6 0 350 
12 -1 0.6 350 1250 
12 -1 0.6 1250 2000 
12 -1 0.6 2000 5000 
12 -1 0.6 5000 30000 
12 0.6 0.8 0 350 
12 0.6 0.8 350 1250 
12 0.6 0.8 1250 2000 
12 0.6 0.8 2000 5000 
12 0.6 0.8 5000 30000 
12 0.8 0.92 0 350 
12 0.8 0.92 350 1250 
12 0.8 0.92 1250 2000 
12 0.8 0.92 2000 5000 
12 0.8 0.92 5000 30000 
12 0.92 0.94 0 350 
12 0.92 0.94 350 1250 
12 0.92 0.94 1250 2000 
12 0.92 0.94 2000 5000 
12 0.92 0.94 5000 30000 
12 0.94 0.98 0 350 
12 0.94 0.98 350 1250 
12 0.94 0.98 1250 2000 
12 0.94 0.98 2000 5000 
12 0.94 0.98 5000 30000 
12 0.98 1 0 350 
12 0.98 1 350 1250 
12 0.98 1 1250 2000 
12 0.98 1 2000 5000 
12 0.98 1 5000 30000 
13 -1 0.7 0 300 
13 -1 0.7 300 500 
13 -1 0.7 500 1500 
13 -1 0.7 1500 3000 
13 -1 0.7 3000 5000 
13 -1 0.7 5000 30000 
13 0.7 0.76 0 300 
13 0.7 0.76 300 500 
13 0.7 0.76 500 1500 
13 0.7 0.76 1500 3000 
13 0.7 0.76 3000 5000 
13 0.7 0.76 5000 30000 
13 0.76 0.8 0 300 
13 0.76 0.8 300 500 
13 0.76 0.8 500 1500 
13 0.76 0.8 1500 3000 
13 0.76 0.8 3000 5000 
13 0.76 0.8 5000 30000 
13 0.8 0.84 0 300 
13 0.8 0.84 300 500 
13 0.8 0.84 500 1500 
13 0.8 0.84 1500 3000 
13 0.8 0.84 3000 5000 
13 0.8 0.84 5000 30000 
13 0.84 0.88 0 300 
13 0.84 0.88 300 500 
13 0.84 0.88 500 1500 
13 0.84 0.88 1500 3000 
13 0.84 0.88 3000 5000 
13 0.84 0.88 5000 30000 
13 0.88 0.89 0 300 
13 0.88 0.89 300 500 
13 0.88 0.89 500 1500 
13 0.88 0.89 1500 3000 
13 0.88 0.89 3000 5000 
13 0.88 0.89 5000 30000 
13 0.89 0.96 0 300 
13 0.89 0.96 300 500 
13 0.89 0.96 500 1500 
13 0.89 0.96 1500 3000 
13 0.89 0.96 3000 5000 
13 0.89 0.96 5000 30000 
13 0.96 1 0 300 
13 0.96 1 300 500 
13 0.96 1 500 1500 
13 0.96 1 1500 3000 
13 0.96 1 3000 5000 
13 0.96 1 5000 30000 
31 -1 0.5 0 200 
31 -1 0.5 200 300 
31 -1 0.5 300 800 
31 -1 0.5 800 850 
31 -1 0.5 850 2000 
31 -1 0.5 2000 5000 
31 -1 0.5 5000 30000 
31 0.5 0.6 0 200 
31 0.5 0.6 200 300 
31 0.5 0.6 300 800 
31 0.5 0.6 800 850 
31 0.5 0.6 850 2000 
31 0.5 0.6 2000 5000 
31 0.5 0.6 5000 30000 
31 0.6 0.72 0 200 
31 0.6 0.72 200 300 
31 0.6 0.72 300 800 
31 0.6 0.72 800 850 
31 0.6 0.72 850 2000 
31 0.6 0.72 2000 5000 
31 0.6 0.72 5000 30000 
31 0.72 0.82 0 200 
31 0.72 0.82 200 300 
31 0.72 0.82 300 800 
31 0.72 0.82 800 850 
31 0.72 0.82 850 2000 
31 0.72 0.82 2000 5000 
31 0.72 0.82 5000 30000 
31 0.82 0.86 0 200 
31 0.82 0.86 200 300 
31 0.82 0.86 300 800 
31 0.82 0.86 800 850 
31 0.82 0.86 850 2000 
31 0.82 0.86 2000 5000 
31 0.82 0.86 5000 30000 
31 0.86 0.9 0 200 
31 0.86 0.9 200 300 
31 0.86 0.9 300 800 
31 0.86 0.9 800 850 
31 0.86 0.9 850 2000 
31 0.86 0.9 2000 5000 
31 0.86 0.9 5000 30000 
31 0.9 0.95 0 200 
31 0.9 0.95 200 300 
31 0.9 0.95 300 800 
31 0.9 0.95 800 850 
31 0.9 0.95 850 2000 
31 0.9 0.95 2000 5000 
31 0.9 0.95 5000 30000 
31 0.95 0.96 0 200 
31 0.95 0.96 200 300 
31 0.95 0.96 300 800 
31 0.95 0.96 800 850 
31 0.95 0.96 850 2000 
31 0.95 0.96 2000 5000 
31 0.95 0.96 5000 30000 
31 0.96 1 0 200 
31 0.96 1 200 300 
31 0.96 1 300 800 
31 0.96 1 800 850 
31 0.96 1 850 2000 
31 0.96 1 2000 5000 
31 0.96 1 5000 30000 
32 -1 0.55 0 250 
32 -1 0.55 250 1200 
32 -1 0.55 1200 1300 
32 -1 0.55 1300 2750 
32 -1 0.55 2750 5000 
32 -1 0.55 5000 30000 
32 0.55 0.65 0 250 
32 0.55 0.65 250 1200 
32 0.55 0.65 1200 1300 
32 0.55 0.65 1300 2750 
32 0.55 0.65 2750 5000 
32 0.55 0.65 5000 30000 
32 0.65 0.8 0 250 
32 0.65 0.8 250 1200 
32 0.65 0.8 1200 1300 
32 0.65 0.8 1300 2750 
32 0.65 0.8 2750 5000 
32 0.65 0.8 5000 30000 
32 0.8 0.85 0 250 
32 0.8 0.85 250 1200 
32 0.8 0.85 1200 1300 
32 0.8 0.85 1300 2750 
32 0.8 0.85 2750 5000 
32 0.8 0.85 5000 30000 
32 0.85 0.97 0 250 
32 0.85 0.97 250 1200 
32 0.85 0.97 1200 1300 
32 0.85 0.97 1300 2750 
32 0.85 0.97 2750 5000 
32 0.85 0.97 5000 30000 
32 0.97 0.98 0 250 
32 0.97 0.98 250 1200 
32 0.97 0.98 1200 1300 
32 0.97 0.98 1300 2750 
32 0.97 0.98 2750 5000 
32 0.97 0.98 5000 30000 
32 0.98 0.988 0 250 
32 0.98 0.988 250 1200 
32 0.98 0.988 1200 1300 
32 0.98 0.988 1300 2750 
32 0.98 0.988 2750 5000 
32 0.98 0.988 5000 30000 
32 0.988 1 0 250 
32 0.988 1 250 1200 
32 0.988 1 1200 1300 
32 0.988 1 1300 2750 
32 0.988 1 2750 5000 
32 0.988 1 5000 30000 
34 -1 0.6 0 300 
34 -1 0.6 300 1000 
34 -1 0.6 1000 2000 
34 -1 0.6 2000 5000 
34 -1 0.6 5000 30000 
34 0.6 0.68 0 300 
34 0.6 0.68 300 1000 
34 0.6 0.68 1000 2000 
34 0.6 0.68 2000 5000 
34 0.6 0.68 5000 30000 
34 0.68 0.79 0 300 
34 0.68 0.79 300 1000 
34 0.68 0.79 1000 2000 
34 0.68 0.79 2000 5000 
34 0.68 0.79 5000 30000 
34 0.79 0.92 0 300 
34 0.79 0.92 300 1000 
34 0.79 0.92 1000 2000 
34 0.79 0.92 2000 5000 
34 0.79 0.92 5000 30000 
34 0.92 0.96 0 300 
34 0.92 0.96 300 1000 
34 0.92 0.96 1000 2000 
34 0.92 0.96 2000 5000 
34 0.92 0.96 5000 30000 
34 0.96 0.98 0 300 
34 0.96 0.98 300 1000 
34 0.96 0.98 1000 2000 
34 0.96 0.98 2000 5000 
34 0.96 0.98 5000 30000 
34 0.98 1 0 300 
34 0.98 1 300 1000 
34 0.98 1 1000 2000 
34 0.98 1 2000 5000 
34 0.98 1 5000 30000 
36 -1 0.6 0 350 
36 -1 0.6 350 1250 
36 -1 0.6 1250 2000 
36 -1 0.6 2000 5000 
36 -1 0.6 5000 30000 
36 0.6 0.8 0 350 
36 0.6 0.8 350 1250 
36 0.6 0.8 1250 2000 
36 0.6 0.8 2000 5000 
36 0.6 0.8 5000 30000 
36 0.8 0.92 0 350 
36 0.8 0.92 350 1250 
36 0.8 0.92 1250 2000 
36 0.8 0.92 2000 5000 
36 0.8 0.92 5000 30000 
36 0.92 0.94 0 350 
36 0.92 0.94 350 1250 
36 0.92 0.94 1250 2000 
36 0.92 0.94 2000 5000 
36 0.92 0.94 5000 30000 
36 0.94 0.98 0 350 
36 0.94 0.98 350 1250 
36 0.94 0.98 1250 2000 
36 0.94 0.98 2000 5000 
36 0.94 0.98 5000 30000 
36 0.98 1 0 350 
36 0.98 1 350 1250 
36 0.98 1 1250 2000 
36 0.98 1 2000 5000 
36 0.98 1 5000 30000 
37 -1 0.7 0 300 
37 -1 0.7 300 500 
37 -1 0.7 500 1500 
37 -1 0.7 1500 3000 
37 -1 0.7 3000 5000 
37 -1 0.7 5000 30000 
37 0.7 0.76 0 300 
37 0.7 0.76 300 500 
37 0.7 0.76 500 1500 
37 0.7 0.76 1500 3000 
37 0.7 0.76 3000 5000 
37 0.7 0.76 5000 30000 
37 0.76 0.8 0 300 
37 0.76 0.8 300 500 
37 0.76 0.8 500 1500 
37 0.76 0.8 1500 3000 
37 0.76 0.8 3000 5000 
37 0.76 0.8 5000 30000 
37 0.8 0.84 0 300 
37 0.8 0.84 300 500 
37 0.8 0.84 500 1500 
37 0.8 0.84 1500 3000 
37 0.8 0.84 3000 5000 
37 0.8 0.84 5000 30000 
37 0.84 0.88 0 300 
37 0.84 0.88 300 500 
37 0.84 0.88 500 1500 
37 0.84 0.88 1500 3000 
37 0.84 0.88 3000 5000 
37 0.84 0.88 5000 30000 
37 0.88 0.89 0 300 
37 0.88 0.89 300 500 
37 0.88 0.89 500 1500 
37 0.88 0.89 1500 3000 
37 0.88 0.89 3000 5000 
37 0.88 0.89 5000 30000 
37 0.89 0.96 0 300 
37 0.89 0.96 300 500 
37 0.89 0.96 500 1500 
37 0.89 0.96 1500 3000 
37 0.89 0.96 3000 5000 
37 0.89 0.96 5000 30000 
37 0.96 1 0 300 
37 0.96 1 300 500 
37 0.96 1 500 1500 
37 0.96 1 1500 3000 
37 0.96 1 3000 5000 
37 0.96 1 5000 30000 
59 -1 0.6 0 300 
59 -1 0.6 300 2000 
59 -1 0.6 2000 4000 
59 -1 0.6 4000 30000 
59 0.6 0.8 0 300 
59 0.6 0.8 300 2000 
59 0.6 0.8 2000 4000 
59 0.6 0.8 4000 30000 
59 0.8 0.9 0 300 
59 0.8 0.9 300 2000 
59 0.8 0.9 2000 4000 
59 0.8 0.9 4000 30000 
59 0.9 0.96 0 300 
59 0.9 0.96 300 2000 
59 0.9 0.96 2000 4000 
59 0.9 0.96 4000 30000 
59 0.96 1 0 300 
59 0.96 1 300 2000 
59 0.96 1 2000 4000 
59 0.96 1 4000 30000 
60 -1 0.7 0 500 
60 -1 0.7 500 30000 
60 0.7 1 0 500 
60 0.7 1 500 30000 
61 -1 0.7 0 600 
61 -1 0.7 600 800 
61 -1 0.7 800 30000 
61 0.7 0.95 0 600 
61 0.7 0.95 600 800 
61 0.7 0.95 800 30000 
61 0.95 0.97 0 600 
61 0.95 0.97 600 800 
61 0.95 0.97 800 30000 
61 0.97 1 0 600 
61 0.97 1 600 800 
61 0.97 1 800 30000 
65 -1 0.6 0 300 
65 -1 0.6 300 2000 
65 -1 0.6 2000 4000 
65 -1 0.6 4000 30000 
65 0.6 0.8 0 300 
65 0.6 0.8 300 2000 
65 0.6 0.8 2000 4000 
65 0.6 0.8 4000 30000 
65 0.8 0.9 0 300 
65 0.8 0.9 300 2000 
65 0.8 0.9 2000 4000 
65 0.8 0.9 4000 30000 
65 0.9 0.96 0 300 
65 0.9 0.96 300 2000 
65 0.9 0.96 2000 4000 
65 0.9 0.96 4000 30000 
65 0.96 1 0 300 
65 0.96 1 300 2000 
65 0.96 1 2000 4000 
65 0.96 1 4000 30000 
66 -1 0.7 0 500 
66 -1 0.7 500 30000 
66 0.7 1 0 500 
66 0.7 1 500 30000 
67 -1 0.7 0 600 
67 -1 0.7 600 800 
67 -1 0.7 800 30000 
67 0.7 0.95 0 600 
67 0.7 0.95 600 800 
67 0.7 0.95 800 30000 
67 0.95 0.97 0 600 
67 0.95 0.97 600 800 
67 0.95 0.97 800 30000 
67 0.97 1 0 600 
67 0.97 1 600 800 
67 0.97 1 800 30000 
71 -1 0.7 0 300 
71 -1 0.7 300 1500 
71 -1 0.7 1500 30000 
71 0.7 1 0 300 
71 0.7 1 300 1500 
71 0.7 1 1500 30000 
72 -1 0.7 0 600 
72 -1 0.7 600 800 
72 -1 0.7 800 30000 
72 0.7 1 0 600 
72 0.7 1 600 800 
72 0.7 1 800 30000 
73 -1 0.7 0 600 
73 -1 0.7 600 30000 
73 0.7 1 0 600 
73 0.7 1 600 30000 
77 -1 0.7 0 300 
77 -1 0.7 300 1500 
77 -1 0.7 1500 30000 
77 0.7 1 0 300 
77 0.7 1 300 1500 
77 0.7 1 1500 30000 
78 -1 0.7 0 600 
78 -1 0.7 600 800 
78 -1 0.7 800 30000 
78 0.7 1 0 600 
78 0.7 1 600 800 
78 0.7 1 800 30000 
79 -1 0.7 0 600 
79 -1 0.7 600 30000 
79 0.7 1 0 600 
79 0.7 1 600 30000 
