variables: Pmu Pmu CosThetamu CosThetamu
0 300 -1 0.6
0 300 0.6 0.7
0 300 0.7 0.76
0 300 0.76 0.8
0 300 0.8 0.84
0 300 0.84 0.86
0 300 0.86 0.88
0 300 0.88 0.89
0 300 0.89 0.9
0 300 0.9 0.91
0 300 0.91 0.92
0 300 0.92 0.93
0 300 0.93 0.94
0 300 0.94 0.95
0 300 0.95 0.96
0 300 0.96 0.97
0 300 0.97 0.98
0 300 0.98 0.99
0 300 0.99 0.995
0 300 0.995 1
300 400 -1 0.6
300 400 0.6 0.7
300 400 0.7 0.76
300 400 0.76 0.8
300 400 0.8 0.84
300 400 0.84 0.86
300 400 0.86 0.88
300 400 0.88 0.89
300 400 0.89 0.9
300 400 0.9 0.91
300 400 0.91 0.92
300 400 0.92 0.93
300 400 0.93 0.94
300 400 0.94 0.95
300 400 0.95 0.96
300 400 0.96 0.97
300 400 0.97 0.98
300 400 0.98 0.99
300 400 0.99 0.995
300 400 0.995 1
400 500 -1 0.6
400 500 0.6 0.7
400 500 0.7 0.76
400 500 0.76 0.8
400 500 0.8 0.84
400 500 0.84 0.86
400 500 0.86 0.88
400 500 0.88 0.89
400 500 0.89 0.9
400 500 0.9 0.91
400 500 0.91 0.92
400 500 0.92 0.93
400 500 0.93 0.94
400 500 0.94 0.95
400 500 0.95 0.96
400 500 0.96 0.97
400 500 0.97 0.98
400 500 0.98 0.99
400 500 0.99 0.995
400 500 0.995 1
500 600 -1 0.6
500 600 0.6 0.7
500 600 0.7 0.76
500 600 0.76 0.8
500 600 0.8 0.84
500 600 0.84 0.86
500 600 0.86 0.88
500 600 0.88 0.89
500 600 0.89 0.9
500 600 0.9 0.91
500 600 0.91 0.92
500 600 0.92 0.93
500 600 0.93 0.94
500 600 0.94 0.95
500 600 0.95 0.96
500 600 0.96 0.97
500 600 0.97 0.98
500 600 0.98 0.99
500 600 0.99 0.995
500 600 0.995 1
600 650 -1 0.6
600 650 0.6 0.7
600 650 0.7 0.76
600 650 0.76 0.8
600 650 0.8 0.84
600 650 0.84 0.86
600 650 0.86 0.88
600 650 0.88 0.89
600 650 0.89 0.9
600 650 0.9 0.91
600 650 0.91 0.92
600 650 0.92 0.93
600 650 0.93 0.94
600 650 0.94 0.95
600 650 0.95 0.96
600 650 0.96 0.97
600 650 0.97 0.98
600 650 0.98 0.99
600 650 0.99 0.995
600 650 0.995 1
650 700 -1 0.6
650 700 0.6 0.7
650 700 0.7 0.76
650 700 0.76 0.8
650 700 0.8 0.84
650 700 0.84 0.86
650 700 0.86 0.88
650 700 0.88 0.89
650 700 0.89 0.9
650 700 0.9 0.91
650 700 0.91 0.92
650 700 0.92 0.93
650 700 0.93 0.94
650 700 0.94 0.95
650 700 0.95 0.96
650 700 0.96 0.97
650 700 0.97 0.98
650 700 0.98 0.99
650 700 0.99 0.995
650 700 0.995 1
700 750 -1 0.6
700 750 0.6 0.7
700 750 0.7 0.76
700 750 0.76 0.8
700 750 0.8 0.84
700 750 0.84 0.86
700 750 0.86 0.88
700 750 0.88 0.89
700 750 0.89 0.9
700 750 0.9 0.91
700 750 0.91 0.92
700 750 0.92 0.93
700 750 0.93 0.94
700 750 0.94 0.95
700 750 0.95 0.96
700 750 0.96 0.97
700 750 0.97 0.98
700 750 0.98 0.99
700 750 0.99 0.995
700 750 0.995 1
750 800 -1 0.6
750 800 0.6 0.7
750 800 0.7 0.76
750 800 0.76 0.8
750 800 0.8 0.84
750 800 0.84 0.86
750 800 0.86 0.88
750 800 0.88 0.89
750 800 0.89 0.9
750 800 0.9 0.91
750 800 0.91 0.92
750 800 0.92 0.93
750 800 0.93 0.94
750 800 0.94 0.95
750 800 0.95 0.96
750 800 0.96 0.97
750 800 0.97 0.98
750 800 0.98 0.99
750 800 0.99 0.995
750 800 0.995 1
800 900 -1 0.6
800 900 0.6 0.7
800 900 0.7 0.76
800 900 0.76 0.8
800 900 0.8 0.84
800 900 0.84 0.86
800 900 0.86 0.88
800 900 0.88 0.89
800 900 0.89 0.9
800 900 0.9 0.91
800 900 0.91 0.92
800 900 0.92 0.93
800 900 0.93 0.94
800 900 0.94 0.95
800 900 0.95 0.96
800 900 0.96 0.97
800 900 0.97 0.98
800 900 0.98 0.99
800 900 0.99 0.995
800 900 0.995 1
900 1000 -1 0.6
900 1000 0.6 0.7
900 1000 0.7 0.76
900 1000 0.76 0.8
900 1000 0.8 0.84
900 1000 0.84 0.86
900 1000 0.86 0.88
900 1000 0.88 0.89
900 1000 0.89 0.9
900 1000 0.9 0.91
900 1000 0.91 0.92
900 1000 0.92 0.93
900 1000 0.93 0.94
900 1000 0.94 0.95
900 1000 0.95 0.96
900 1000 0.96 0.97
900 1000 0.97 0.98
900 1000 0.98 0.99
900 1000 0.99 0.995
900 1000 0.995 1
1000 1100 -1 0.6
1000 1100 0.6 0.7
1000 1100 0.7 0.76
1000 1100 0.76 0.8
1000 1100 0.8 0.84
1000 1100 0.84 0.86
1000 1100 0.86 0.88
1000 1100 0.88 0.89
1000 1100 0.89 0.9
1000 1100 0.9 0.91
1000 1100 0.91 0.92
1000 1100 0.92 0.93
1000 1100 0.93 0.94
1000 1100 0.94 0.95
1000 1100 0.95 0.96
1000 1100 0.96 0.97
1000 1100 0.97 0.98
1000 1100 0.98 0.99
1000 1100 0.99 0.995
1000 1100 0.995 1
1100 1250 -1 0.6
1100 1250 0.6 0.7
1100 1250 0.7 0.76
1100 1250 0.76 0.8
1100 1250 0.8 0.84
1100 1250 0.84 0.86
1100 1250 0.86 0.88
1100 1250 0.88 0.89
1100 1250 0.89 0.9
1100 1250 0.9 0.91
1100 1250 0.91 0.92
1100 1250 0.92 0.93
1100 1250 0.93 0.94
1100 1250 0.94 0.95
1100 1250 0.95 0.96
1100 1250 0.96 0.97
1100 1250 0.97 0.98
1100 1250 0.98 0.99
1100 1250 0.99 0.995
1100 1250 0.995 1
1250 1500 -1 0.6
1250 1500 0.6 0.7
1250 1500 0.7 0.76
1250 1500 0.76 0.8
1250 1500 0.8 0.84
1250 1500 0.84 0.86
1250 1500 0.86 0.88
1250 1500 0.88 0.89
1250 1500 0.89 0.9
1250 1500 0.9 0.91
1250 1500 0.91 0.92
1250 1500 0.92 0.93
1250 1500 0.93 0.94
1250 1500 0.94 0.95
1250 1500 0.95 0.96
1250 1500 0.96 0.97
1250 1500 0.97 0.98
1250 1500 0.98 0.99
1250 1500 0.99 0.995
1250 1500 0.995 1
1500 1600 -1 0.6
1500 1600 0.6 0.7
1500 1600 0.7 0.76
1500 1600 0.76 0.8
1500 1600 0.8 0.84
1500 1600 0.84 0.86
1500 1600 0.86 0.88
1500 1600 0.88 0.89
1500 1600 0.89 0.9
1500 1600 0.9 0.91
1500 1600 0.91 0.92
1500 1600 0.92 0.93
1500 1600 0.93 0.94
1500 1600 0.94 0.95
1500 1600 0.95 0.96
1500 1600 0.96 0.97
1500 1600 0.97 0.98
1500 1600 0.98 0.99
1500 1600 0.99 0.995
1500 1600 0.995 1
1600 1750 -1 0.6
1600 1750 0.6 0.7
1600 1750 0.7 0.76
1600 1750 0.76 0.8
1600 1750 0.8 0.84
1600 1750 0.84 0.86
1600 1750 0.86 0.88
1600 1750 0.88 0.89
1600 1750 0.89 0.9
1600 1750 0.9 0.91
1600 1750 0.91 0.92
1600 1750 0.92 0.93
1600 1750 0.93 0.94
1600 1750 0.94 0.95
1600 1750 0.95 0.96
1600 1750 0.96 0.97
1600 1750 0.97 0.98
1600 1750 0.98 0.99
1600 1750 0.99 0.995
1600 1750 0.995 1
1750 2000 -1 0.6
1750 2000 0.6 0.7
1750 2000 0.7 0.76
1750 2000 0.76 0.8
1750 2000 0.8 0.84
1750 2000 0.84 0.86
1750 2000 0.86 0.88
1750 2000 0.88 0.89
1750 2000 0.89 0.9
1750 2000 0.9 0.91
1750 2000 0.91 0.92
1750 2000 0.92 0.93
1750 2000 0.93 0.94
1750 2000 0.94 0.95
1750 2000 0.95 0.96
1750 2000 0.96 0.97
1750 2000 0.97 0.98
1750 2000 0.98 0.99
1750 2000 0.99 0.995
1750 2000 0.995 1
2000 2500 -1 0.6
2000 2500 0.6 0.7
2000 2500 0.7 0.76
2000 2500 0.76 0.8
2000 2500 0.8 0.84
2000 2500 0.84 0.86
2000 2500 0.86 0.88
2000 2500 0.88 0.89
2000 2500 0.89 0.9
2000 2500 0.9 0.91
2000 2500 0.91 0.92
2000 2500 0.92 0.93
2000 2500 0.93 0.94
2000 2500 0.94 0.95
2000 2500 0.95 0.96
2000 2500 0.96 0.97
2000 2500 0.97 0.98
2000 2500 0.98 0.99
2000 2500 0.99 0.995
2000 2500 0.995 1
2500 3000 -1 0.6
2500 3000 0.6 0.7
2500 3000 0.7 0.76
2500 3000 0.76 0.8
2500 3000 0.8 0.84
2500 3000 0.84 0.86
2500 3000 0.86 0.88
2500 3000 0.88 0.89
2500 3000 0.89 0.9
2500 3000 0.9 0.91
2500 3000 0.91 0.92
2500 3000 0.92 0.93
2500 3000 0.93 0.94
2500 3000 0.94 0.95
2500 3000 0.95 0.96
2500 3000 0.96 0.97
2500 3000 0.97 0.98
2500 3000 0.98 0.99
2500 3000 0.99 0.995
2500 3000 0.995 1
3000 5000 -1 0.6
3000 5000 0.6 0.7
3000 5000 0.7 0.76
3000 5000 0.76 0.8
3000 5000 0.8 0.84
3000 5000 0.84 0.86
3000 5000 0.86 0.88
3000 5000 0.88 0.89
3000 5000 0.89 0.9
3000 5000 0.9 0.91
3000 5000 0.91 0.92
3000 5000 0.92 0.93
3000 5000 0.93 0.94
3000 5000 0.94 0.95
3000 5000 0.95 0.96
3000 5000 0.96 0.97
3000 5000 0.97 0.98
3000 5000 0.98 0.99
3000 5000 0.99 0.995
3000 5000 0.995 1
5000 30000 -1 0.6
5000 30000 0.6 0.7
5000 30000 0.7 0.76
5000 30000 0.76 0.8
5000 30000 0.8 0.84
5000 30000 0.84 0.86
5000 30000 0.86 0.88
5000 30000 0.88 0.89
5000 30000 0.89 0.9
5000 30000 0.9 0.91
5000 30000 0.91 0.92
5000 30000 0.92 0.93
5000 30000 0.93 0.94
5000 30000 0.94 0.95
5000 30000 0.95 0.96
5000 30000 0.96 0.97
5000 30000 0.97 0.98
5000 30000 0.98 0.99
5000 30000 0.99 0.995
5000 30000 0.995 1
