variables: Pmu Pmu CosThetamu CosThetamu
0 300 -1 0.6
0 300 0.6 0.7
0 300 0.7 0.8
0 300 0.8 0.85
0 300 0.85 0.9
0 300 0.9 0.92
0 300 0.92 0.93
0 300 0.93 0.94
0 300 0.94 0.95
0 300 0.95 0.96
0 300 0.96 0.965
0 300 0.965 0.97
0 300 0.97 0.975
0 300 0.975 0.98
0 300 0.98 0.985
0 300 0.985 0.99
0 300 0.99 0.995
0 300 0.995 1
300 400 -1 0.6
300 400 0.6 0.7
300 400 0.7 0.8
300 400 0.8 0.85
300 400 0.85 0.9
300 400 0.9 0.92
300 400 0.92 0.93
300 400 0.93 0.94
300 400 0.94 0.95
300 400 0.95 0.96
300 400 0.96 0.965
300 400 0.965 0.97
300 400 0.97 0.975
300 400 0.975 0.98
300 400 0.98 0.985
300 400 0.985 0.99
300 400 0.99 0.995
300 400 0.995 1
400 500 -1 0.6
400 500 0.6 0.7
400 500 0.7 0.8
400 500 0.8 0.85
400 500 0.85 0.9
400 500 0.9 0.92
400 500 0.92 0.93
400 500 0.93 0.94
400 500 0.94 0.95
400 500 0.95 0.96
400 500 0.96 0.965
400 500 0.965 0.97
400 500 0.97 0.975
400 500 0.975 0.98
400 500 0.98 0.985
400 500 0.985 0.99
400 500 0.99 0.995
400 500 0.995 1
500 550 -1 0.6
500 550 0.6 0.7
500 550 0.7 0.8
500 550 0.8 0.85
500 550 0.85 0.9
500 550 0.9 0.92
500 550 0.92 0.93
500 550 0.93 0.94
500 550 0.94 0.95
500 550 0.95 0.96
500 550 0.96 0.965
500 550 0.965 0.97
500 550 0.97 0.975
500 550 0.975 0.98
500 550 0.98 0.985
500 550 0.985 0.99
500 550 0.99 0.995
500 550 0.995 1
550 600 -1 0.6
550 600 0.6 0.7
550 600 0.7 0.8
550 600 0.8 0.85
550 600 0.85 0.9
550 600 0.9 0.92
550 600 0.92 0.93
550 600 0.93 0.94
550 600 0.94 0.95
550 600 0.95 0.96
550 600 0.96 0.965
550 600 0.965 0.97
550 600 0.97 0.975
550 600 0.975 0.98
550 600 0.98 0.985
550 600 0.985 0.99
550 600 0.99 0.995
550 600 0.995 1
600 650 -1 0.6
600 650 0.6 0.7
600 650 0.7 0.8
600 650 0.8 0.85
600 650 0.85 0.9
600 650 0.9 0.92
600 650 0.92 0.93
600 650 0.93 0.94
600 650 0.94 0.95
600 650 0.95 0.96
600 650 0.96 0.965
600 650 0.965 0.97
600 650 0.97 0.975
600 650 0.975 0.98
600 650 0.98 0.985
600 650 0.985 0.99
600 650 0.99 0.995
600 650 0.995 1
650 700 -1 0.6
650 700 0.6 0.7
650 700 0.7 0.8
650 700 0.8 0.85
650 700 0.85 0.9
650 700 0.9 0.92
650 700 0.92 0.93
650 700 0.93 0.94
650 700 0.94 0.95
650 700 0.95 0.96
650 700 0.96 0.965
650 700 0.965 0.97
650 700 0.97 0.975
650 700 0.975 0.98
650 700 0.98 0.985
650 700 0.985 0.99
650 700 0.99 0.995
650 700 0.995 1
700 750 -1 0.6
700 750 0.6 0.7
700 750 0.7 0.8
700 750 0.8 0.85
700 750 0.85 0.9
700 750 0.9 0.92
700 750 0.92 0.93
700 750 0.93 0.94
700 750 0.94 0.95
700 750 0.95 0.96
700 750 0.96 0.965
700 750 0.965 0.97
700 750 0.97 0.975
700 750 0.975 0.98
700 750 0.98 0.985
700 750 0.985 0.99
700 750 0.99 0.995
700 750 0.995 1
750 800 -1 0.6
750 800 0.6 0.7
750 800 0.7 0.8
750 800 0.8 0.85
750 800 0.85 0.9
750 800 0.9 0.92
750 800 0.92 0.93
750 800 0.93 0.94
750 800 0.94 0.95
750 800 0.95 0.96
750 800 0.96 0.965
750 800 0.965 0.97
750 800 0.97 0.975
750 800 0.975 0.98
750 800 0.98 0.985
750 800 0.985 0.99
750 800 0.99 0.995
750 800 0.995 1
800 900 -1 0.6
800 900 0.6 0.7
800 900 0.7 0.8
800 900 0.8 0.85
800 900 0.85 0.9
800 900 0.9 0.92
800 900 0.92 0.93
800 900 0.93 0.94
800 900 0.94 0.95
800 900 0.95 0.96
800 900 0.96 0.965
800 900 0.965 0.97
800 900 0.97 0.975
800 900 0.975 0.98
800 900 0.98 0.985
800 900 0.985 0.99
800 900 0.99 0.995
800 900 0.995 1
900 1000 -1 0.6
900 1000 0.6 0.7
900 1000 0.7 0.8
900 1000 0.8 0.85
900 1000 0.85 0.9
900 1000 0.9 0.92
900 1000 0.92 0.93
900 1000 0.93 0.94
900 1000 0.94 0.95
900 1000 0.95 0.96
900 1000 0.96 0.965
900 1000 0.965 0.97
900 1000 0.97 0.975
900 1000 0.975 0.98
900 1000 0.98 0.985
900 1000 0.985 0.99
900 1000 0.99 0.995
900 1000 0.995 1
1000 1100 -1 0.6
1000 1100 0.6 0.7
1000 1100 0.7 0.8
1000 1100 0.8 0.85
1000 1100 0.85 0.9
1000 1100 0.9 0.92
1000 1100 0.92 0.93
1000 1100 0.93 0.94
1000 1100 0.94 0.95
1000 1100 0.95 0.96
1000 1100 0.96 0.965
1000 1100 0.965 0.97
1000 1100 0.97 0.975
1000 1100 0.975 0.98
1000 1100 0.98 0.985
1000 1100 0.985 0.99
1000 1100 0.99 0.995
1000 1100 0.995 1
1100 1200 -1 0.6
1100 1200 0.6 0.7
1100 1200 0.7 0.8
1100 1200 0.8 0.85
1100 1200 0.85 0.9
1100 1200 0.9 0.92
1100 1200 0.92 0.93
1100 1200 0.93 0.94
1100 1200 0.94 0.95
1100 1200 0.95 0.96
1100 1200 0.96 0.965
1100 1200 0.965 0.97
1100 1200 0.97 0.975
1100 1200 0.975 0.98
1100 1200 0.98 0.985
1100 1200 0.985 0.99
1100 1200 0.99 0.995
1100 1200 0.995 1
1200 1500 -1 0.6
1200 1500 0.6 0.7
1200 1500 0.7 0.8
1200 1500 0.8 0.85
1200 1500 0.85 0.9
1200 1500 0.9 0.92
1200 1500 0.92 0.93
1200 1500 0.93 0.94
1200 1500 0.94 0.95
1200 1500 0.95 0.96
1200 1500 0.96 0.965
1200 1500 0.965 0.97
1200 1500 0.97 0.975
1200 1500 0.975 0.98
1200 1500 0.98 0.985
1200 1500 0.985 0.99
1200 1500 0.99 0.995
1200 1500 0.995 1
1500 2000 -1 0.6
1500 2000 0.6 0.7
1500 2000 0.7 0.8
1500 2000 0.8 0.85
1500 2000 0.85 0.9
1500 2000 0.9 0.92
1500 2000 0.92 0.93
1500 2000 0.93 0.94
1500 2000 0.94 0.95
1500 2000 0.95 0.96
1500 2000 0.96 0.965
1500 2000 0.965 0.97
1500 2000 0.97 0.975
1500 2000 0.975 0.98
1500 2000 0.98 0.985
1500 2000 0.985 0.99
1500 2000 0.99 0.995
1500 2000 0.995 1
2000 4000 -1 0.6
2000 4000 0.6 0.7
2000 4000 0.7 0.8
2000 4000 0.8 0.85
2000 4000 0.85 0.9
2000 4000 0.9 0.92
2000 4000 0.92 0.93
2000 4000 0.93 0.94
2000 4000 0.94 0.95
2000 4000 0.95 0.96
2000 4000 0.96 0.965
2000 4000 0.965 0.97
2000 4000 0.97 0.975
2000 4000 0.975 0.98
2000 4000 0.98 0.985
2000 4000 0.985 0.99
2000 4000 0.99 0.995
2000 4000 0.995 1
4000 30000 -1 0.6
4000 30000 0.6 0.7
4000 30000 0.7 0.8
4000 30000 0.8 0.85
4000 30000 0.85 0.9
4000 30000 0.9 0.92
4000 30000 0.92 0.93
4000 30000 0.93 0.94
4000 30000 0.94 0.95
4000 30000 0.95 0.96
4000 30000 0.96 0.965
4000 30000 0.965 0.97
4000 30000 0.97 0.975
4000 30000 0.975 0.98
4000 30000 0.98 0.985
4000 30000 0.985 0.99
4000 30000 0.99 0.995
4000 30000 0.995 1
