variables: Pmu Pmu CosThetamu CosThetamu
0 350 -1 0.6
0 350 0.6 0.7
0 350 0.7 0.8
0 350 0.8 0.85
0 350 0.85 0.88
0 350 0.88 0.9
0 350 0.9 0.92
0 350 0.92 0.94
0 350 0.94 0.96
0 350 0.96 0.98
0 350 0.98 1
350 500 -1 0.6
350 500 0.6 0.7
350 500 0.7 0.8
350 500 0.8 0.85
350 500 0.85 0.88
350 500 0.88 0.9
350 500 0.9 0.92
350 500 0.92 0.94
350 500 0.94 0.96
350 500 0.96 0.98
350 500 0.98 1
500 600 -1 0.6
500 600 0.6 0.7
500 600 0.7 0.8
500 600 0.8 0.85
500 600 0.85 0.88
500 600 0.88 0.9
500 600 0.9 0.92
500 600 0.92 0.94
500 600 0.94 0.96
500 600 0.96 0.98
500 600 0.98 1
600 650 -1 0.6
600 650 0.6 0.7
600 650 0.7 0.8
600 650 0.8 0.85
600 650 0.85 0.88
600 650 0.88 0.9
600 650 0.9 0.92
600 650 0.92 0.94
600 650 0.94 0.96
600 650 0.96 0.98
600 650 0.98 1
650 700 -1 0.6
650 700 0.6 0.7
650 700 0.7 0.8
650 700 0.8 0.85
650 700 0.85 0.88
650 700 0.88 0.9
650 700 0.9 0.92
650 700 0.92 0.94
650 700 0.94 0.96
650 700 0.96 0.98
650 700 0.98 1
700 800 -1 0.6
700 800 0.6 0.7
700 800 0.7 0.8
700 800 0.8 0.85
700 800 0.85 0.88
700 800 0.88 0.9
700 800 0.9 0.92
700 800 0.92 0.94
700 800 0.94 0.96
700 800 0.96 0.98
700 800 0.98 1
800 900 -1 0.6
800 900 0.6 0.7
800 900 0.7 0.8
800 900 0.8 0.85
800 900 0.85 0.88
800 900 0.88 0.9
800 900 0.9 0.92
800 900 0.92 0.94
800 900 0.94 0.96
800 900 0.96 0.98
800 900 0.98 1
900 1000 -1 0.6
900 1000 0.6 0.7
900 1000 0.7 0.8
900 1000 0.8 0.85
900 1000 0.85 0.88
900 1000 0.88 0.9
900 1000 0.9 0.92
900 1000 0.92 0.94
900 1000 0.94 0.96
900 1000 0.96 0.98
900 1000 0.98 1
1000 1150 -1 0.6
1000 1150 0.6 0.7
1000 1150 0.7 0.8
1000 1150 0.8 0.85
1000 1150 0.85 0.88
1000 1150 0.88 0.9
1000 1150 0.9 0.92
1000 1150 0.92 0.94
1000 1150 0.94 0.96
1000 1150 0.96 0.98
1000 1150 0.98 1
1150 1250 -1 0.6
1150 1250 0.6 0.7
1150 1250 0.7 0.8
1150 1250 0.8 0.85
1150 1250 0.85 0.88
1150 1250 0.88 0.9
1150 1250 0.9 0.92
1150 1250 0.92 0.94
1150 1250 0.94 0.96
1150 1250 0.96 0.98
1150 1250 0.98 1
1250 1500 -1 0.6
1250 1500 0.6 0.7
1250 1500 0.7 0.8
1250 1500 0.8 0.85
1250 1500 0.85 0.88
1250 1500 0.88 0.9
1250 1500 0.9 0.92
1250 1500 0.92 0.94
1250 1500 0.94 0.96
1250 1500 0.96 0.98
1250 1500 0.98 1
1500 2000 -1 0.6
1500 2000 0.6 0.7
1500 2000 0.7 0.8
1500 2000 0.8 0.85
1500 2000 0.85 0.88
1500 2000 0.88 0.9
1500 2000 0.9 0.92
1500 2000 0.92 0.94
1500 2000 0.94 0.96
1500 2000 0.96 0.98
1500 2000 0.98 1
2000 5000 -1 0.6
2000 5000 0.6 0.7
2000 5000 0.7 0.8
2000 5000 0.8 0.85
2000 5000 0.85 0.88
2000 5000 0.88 0.9
2000 5000 0.9 0.92
2000 5000 0.92 0.94
2000 5000 0.94 0.96
2000 5000 0.96 0.98
2000 5000 0.98 1
5000 30000 -1 0.6
5000 30000 0.6 0.7
5000 30000 0.7 0.8
5000 30000 0.8 0.85
5000 30000 0.85 0.88
5000 30000 0.88 0.9
5000 30000 0.9 0.92
5000 30000 0.92 0.94
5000 30000 0.94 0.96
5000 30000 0.96 0.98
5000 30000 0.98 1
