variables: Pmu Pmu CosThetamu CosThetamu
0 250 -1 0.55
0 250 0.55 0.65
0 250 0.65 0.75
0 250 0.75 0.8
0 250 0.8 0.85
0 250 0.85 0.88
0 250 0.88 0.9
0 250 0.9 0.92
0 250 0.92 0.93
0 250 0.93 0.94
0 250 0.94 0.95
0 250 0.95 0.96
0 250 0.96 0.97
0 250 0.97 0.98
0 250 0.98 0.988
0 250 0.988 1
250 350 -1 0.55
250 350 0.55 0.65
250 350 0.65 0.75
250 350 0.75 0.8
250 350 0.8 0.85
250 350 0.85 0.88
250 350 0.88 0.9
250 350 0.9 0.92
250 350 0.92 0.93
250 350 0.93 0.94
250 350 0.94 0.95
250 350 0.95 0.96
250 350 0.96 0.97
250 350 0.97 0.98
250 350 0.98 0.988
250 350 0.988 1
350 400 -1 0.55
350 400 0.55 0.65
350 400 0.65 0.75
350 400 0.75 0.8
350 400 0.8 0.85
350 400 0.85 0.88
350 400 0.88 0.9
350 400 0.9 0.92
350 400 0.92 0.93
350 400 0.93 0.94
350 400 0.94 0.95
350 400 0.95 0.96
350 400 0.96 0.97
350 400 0.97 0.98
350 400 0.98 0.988
350 400 0.988 1
400 450 -1 0.55
400 450 0.55 0.65
400 450 0.65 0.75
400 450 0.75 0.8
400 450 0.8 0.85
400 450 0.85 0.88
400 450 0.88 0.9
400 450 0.9 0.92
400 450 0.92 0.93
400 450 0.93 0.94
400 450 0.94 0.95
400 450 0.95 0.96
400 450 0.96 0.97
400 450 0.97 0.98
400 450 0.98 0.988
400 450 0.988 1
450 500 -1 0.55
450 500 0.55 0.65
450 500 0.65 0.75
450 500 0.75 0.8
450 500 0.8 0.85
450 500 0.85 0.88
450 500 0.88 0.9
450 500 0.9 0.92
450 500 0.92 0.93
450 500 0.93 0.94
450 500 0.94 0.95
450 500 0.95 0.96
450 500 0.96 0.97
450 500 0.97 0.98
450 500 0.98 0.988
450 500 0.988 1
500 550 -1 0.55
500 550 0.55 0.65
500 550 0.65 0.75
500 550 0.75 0.8
500 550 0.8 0.85
500 550 0.85 0.88
500 550 0.88 0.9
500 550 0.9 0.92
500 550 0.92 0.93
500 550 0.93 0.94
500 550 0.94 0.95
500 550 0.95 0.96
500 550 0.96 0.97
500 550 0.97 0.98
500 550 0.98 0.988
500 550 0.988 1
550 600 -1 0.55
550 600 0.55 0.65
550 600 0.65 0.75
550 600 0.75 0.8
550 600 0.8 0.85
550 600 0.85 0.88
550 600 0.88 0.9
550 600 0.9 0.92
550 600 0.92 0.93
550 600 0.93 0.94
550 600 0.94 0.95
550 600 0.95 0.96
550 600 0.96 0.97
550 600 0.97 0.98
550 600 0.98 0.988
550 600 0.988 1
600 650 -1 0.55
600 650 0.55 0.65
600 650 0.65 0.75
600 650 0.75 0.8
600 650 0.8 0.85
600 650 0.85 0.88
600 650 0.88 0.9
600 650 0.9 0.92
600 650 0.92 0.93
600 650 0.93 0.94
600 650 0.94 0.95
600 650 0.95 0.96
600 650 0.96 0.97
600 650 0.97 0.98
600 650 0.98 0.988
600 650 0.988 1
650 700 -1 0.55
650 700 0.55 0.65
650 700 0.65 0.75
650 700 0.75 0.8
650 700 0.8 0.85
650 700 0.85 0.88
650 700 0.88 0.9
650 700 0.9 0.92
650 700 0.92 0.93
650 700 0.93 0.94
650 700 0.94 0.95
650 700 0.95 0.96
650 700 0.96 0.97
650 700 0.97 0.98
650 700 0.98 0.988
650 700 0.988 1
700 800 -1 0.55
700 800 0.55 0.65
700 800 0.65 0.75
700 800 0.75 0.8
700 800 0.8 0.85
700 800 0.85 0.88
700 800 0.88 0.9
700 800 0.9 0.92
700 800 0.92 0.93
700 800 0.93 0.94
700 800 0.94 0.95
700 800 0.95 0.96
700 800 0.96 0.97
700 800 0.97 0.98
700 800 0.98 0.988
700 800 0.988 1
800 900 -1 0.55
800 900 0.55 0.65
800 900 0.65 0.75
800 900 0.75 0.8
800 900 0.8 0.85
800 900 0.85 0.88
800 900 0.88 0.9
800 900 0.9 0.92
800 900 0.92 0.93
800 900 0.93 0.94
800 900 0.94 0.95
800 900 0.95 0.96
800 900 0.96 0.97
800 900 0.97 0.98
800 900 0.98 0.988
800 900 0.988 1
900 1000 -1 0.55
900 1000 0.55 0.65
900 1000 0.65 0.75
900 1000 0.75 0.8
900 1000 0.8 0.85
900 1000 0.85 0.88
900 1000 0.88 0.9
900 1000 0.9 0.92
900 1000 0.92 0.93
900 1000 0.93 0.94
900 1000 0.94 0.95
900 1000 0.95 0.96
900 1000 0.96 0.97
900 1000 0.97 0.98
900 1000 0.98 0.988
900 1000 0.988 1
1000 1100 -1 0.55
1000 1100 0.55 0.65
1000 1100 0.65 0.75
1000 1100 0.75 0.8
1000 1100 0.8 0.85
1000 1100 0.85 0.88
1000 1100 0.88 0.9
1000 1100 0.9 0.92
1000 1100 0.92 0.93
1000 1100 0.93 0.94
1000 1100 0.94 0.95
1000 1100 0.95 0.96
1000 1100 0.96 0.97
1000 1100 0.97 0.98
1000 1100 0.98 0.988
1000 1100 0.988 1
1100 1200 -1 0.55
1100 1200 0.55 0.65
1100 1200 0.65 0.75
1100 1200 0.75 0.8
1100 1200 0.8 0.85
1100 1200 0.85 0.88
1100 1200 0.88 0.9
1100 1200 0.9 0.92
1100 1200 0.92 0.93
1100 1200 0.93 0.94
1100 1200 0.94 0.95
1100 1200 0.95 0.96
1100 1200 0.96 0.97
1100 1200 0.97 0.98
1100 1200 0.98 0.988
1100 1200 0.988 1
1200 1300 -1 0.55
1200 1300 0.55 0.65
1200 1300 0.65 0.75
1200 1300 0.75 0.8
1200 1300 0.8 0.85
1200 1300 0.85 0.88
1200 1300 0.88 0.9
1200 1300 0.9 0.92
1200 1300 0.92 0.93
1200 1300 0.93 0.94
1200 1300 0.94 0.95
1200 1300 0.95 0.96
1200 1300 0.96 0.97
1200 1300 0.97 0.98
1200 1300 0.98 0.988
1200 1300 0.988 1
1300 1500 -1 0.55
1300 1500 0.55 0.65
1300 1500 0.65 0.75
1300 1500 0.75 0.8
1300 1500 0.8 0.85
1300 1500 0.85 0.88
1300 1500 0.88 0.9
1300 1500 0.9 0.92
1300 1500 0.92 0.93
1300 1500 0.93 0.94
1300 1500 0.94 0.95
1300 1500 0.95 0.96
1300 1500 0.96 0.97
1300 1500 0.97 0.98
1300 1500 0.98 0.988
1300 1500 0.988 1
1500 1600 -1 0.55
1500 1600 0.55 0.65
1500 1600 0.65 0.75
1500 1600 0.75 0.8
1500 1600 0.8 0.85
1500 1600 0.85 0.88
1500 1600 0.88 0.9
1500 1600 0.9 0.92
1500 1600 0.92 0.93
1500 1600 0.93 0.94
1500 1600 0.94 0.95
1500 1600 0.95 0.96
1500 1600 0.96 0.97
1500 1600 0.97 0.98
1500 1600 0.98 0.988
1500 1600 0.988 1
1600 1750 -1 0.55
1600 1750 0.55 0.65
1600 1750 0.65 0.75
1600 1750 0.75 0.8
1600 1750 0.8 0.85
1600 1750 0.85 0.88
1600 1750 0.88 0.9
1600 1750 0.9 0.92
1600 1750 0.92 0.93
1600 1750 0.93 0.94
1600 1750 0.94 0.95
1600 1750 0.95 0.96
1600 1750 0.96 0.97
1600 1750 0.97 0.98
1600 1750 0.98 0.988
1600 1750 0.988 1
1750 2000 -1 0.55
1750 2000 0.55 0.65
1750 2000 0.65 0.75
1750 2000 0.75 0.8
1750 2000 0.8 0.85
1750 2000 0.85 0.88
1750 2000 0.88 0.9
1750 2000 0.9 0.92
1750 2000 0.92 0.93
1750 2000 0.93 0.94
1750 2000 0.94 0.95
1750 2000 0.95 0.96
1750 2000 0.96 0.97
1750 2000 0.97 0.98
1750 2000 0.98 0.988
1750 2000 0.988 1
2000 2750 -1 0.55
2000 2750 0.55 0.65
2000 2750 0.65 0.75
2000 2750 0.75 0.8
2000 2750 0.8 0.85
2000 2750 0.85 0.88
2000 2750 0.88 0.9
2000 2750 0.9 0.92
2000 2750 0.92 0.93
2000 2750 0.93 0.94
2000 2750 0.94 0.95
2000 2750 0.95 0.96
2000 2750 0.96 0.97
2000 2750 0.97 0.98
2000 2750 0.98 0.988
2000 2750 0.988 1
2750 5000 -1 0.55
2750 5000 0.55 0.65
2750 5000 0.65 0.75
2750 5000 0.75 0.8
2750 5000 0.8 0.85
2750 5000 0.85 0.88
2750 5000 0.88 0.9
2750 5000 0.9 0.92
2750 5000 0.92 0.93
2750 5000 0.93 0.94
2750 5000 0.94 0.95
2750 5000 0.95 0.96
2750 5000 0.96 0.97
2750 5000 0.97 0.98
2750 5000 0.98 0.988
2750 5000 0.988 1
5000 30000 -1 0.55
5000 30000 0.55 0.65
5000 30000 0.65 0.75
5000 30000 0.75 0.8
5000 30000 0.8 0.85
5000 30000 0.85 0.88
5000 30000 0.88 0.9
5000 30000 0.9 0.92
5000 30000 0.92 0.93
5000 30000 0.93 0.94
5000 30000 0.94 0.95
5000 30000 0.95 0.96
5000 30000 0.96 0.97
5000 30000 0.97 0.98
5000 30000 0.98 0.988
5000 30000 0.988 1
