variables: Pmu Pmu CosThetamu CosThetamu
0 600 -1 0.7
0 600 0.7 0.8
0 600 0.8 0.86
0 600 0.86 0.9
0 600 0.9 0.93
0 600 0.93 0.95
0 600 0.95 0.97
0 600 0.97 0.99
0 600 0.99 1
600 1000 -1 0.7
600 1000 0.7 0.8
600 1000 0.8 0.86
600 1000 0.86 0.9
600 1000 0.9 0.93
600 1000 0.93 0.95
600 1000 0.95 0.97
600 1000 0.97 0.99
600 1000 0.99 1
1000 1250 -1 0.7
1000 1250 0.7 0.8
1000 1250 0.8 0.86
1000 1250 0.86 0.9
1000 1250 0.9 0.93
1000 1250 0.93 0.95
1000 1250 0.95 0.97
1000 1250 0.97 0.99
1000 1250 0.99 1
1250 2000 -1 0.7
1250 2000 0.7 0.8
1250 2000 0.8 0.86
1250 2000 0.86 0.9
1250 2000 0.9 0.93
1250 2000 0.93 0.95
1250 2000 0.95 0.97
1250 2000 0.97 0.99
1250 2000 0.99 1
2000 4000 -1 0.7
2000 4000 0.7 0.8
2000 4000 0.8 0.86
2000 4000 0.86 0.9
2000 4000 0.9 0.93
2000 4000 0.93 0.95
2000 4000 0.95 0.97
2000 4000 0.97 0.99
2000 4000 0.99 1
4000 30000 -1 0.7
4000 30000 0.7 0.8
4000 30000 0.8 0.86
4000 30000 0.86 0.9
4000 30000 0.9 0.93
4000 30000 0.93 0.95
4000 30000 0.95 0.97
4000 30000 0.97 0.99
4000 30000 0.99 1
