variables: Pmu Pmu CosThetamu CosThetamu
0 200 -1 0.5
0 200 0.5 0.6
0 200 0.6 0.68
0 200 0.68 0.72
0 200 0.72 0.76
0 200 0.76 0.82
0 200 0.82 0.84
0 200 0.84 0.86
0 200 0.86 0.88
0 200 0.88 0.9
0 200 0.9 0.91
0 200 0.91 0.92
0 200 0.92 0.93
0 200 0.93 0.94
0 200 0.94 0.95
0 200 0.95 0.955
0 200 0.955 0.96
0 200 0.96 0.965
0 200 0.965 0.97
0 200 0.97 0.975
0 200 0.975 0.98
0 200 0.98 0.985
0 200 0.985 0.99
0 200 0.99 0.995
0 200 0.995 1
200 300 -1 0.5
200 300 0.5 0.6
200 300 0.6 0.68
200 300 0.68 0.72
200 300 0.72 0.76
200 300 0.76 0.82
200 300 0.82 0.84
200 300 0.84 0.86
200 300 0.86 0.88
200 300 0.88 0.9
200 300 0.9 0.91
200 300 0.91 0.92
200 300 0.92 0.93
200 300 0.93 0.94
200 300 0.94 0.95
200 300 0.95 0.955
200 300 0.955 0.96
200 300 0.96 0.965
200 300 0.965 0.97
200 300 0.97 0.975
200 300 0.975 0.98
200 300 0.98 0.985
200 300 0.985 0.99
200 300 0.99 0.995
200 300 0.995 1
300 350 -1 0.5
300 350 0.5 0.6
300 350 0.6 0.68
300 350 0.68 0.72
300 350 0.72 0.76
300 350 0.76 0.82
300 350 0.82 0.84
300 350 0.84 0.86
300 350 0.86 0.88
300 350 0.88 0.9
300 350 0.9 0.91
300 350 0.91 0.92
300 350 0.92 0.93
300 350 0.93 0.94
300 350 0.94 0.95
300 350 0.95 0.955
300 350 0.955 0.96
300 350 0.96 0.965
300 350 0.965 0.97
300 350 0.97 0.975
300 350 0.975 0.98
300 350 0.98 0.985
300 350 0.985 0.99
300 350 0.99 0.995
300 350 0.995 1
350 400 -1 0.5
350 400 0.5 0.6
350 400 0.6 0.68
350 400 0.68 0.72
350 400 0.72 0.76
350 400 0.76 0.82
350 400 0.82 0.84
350 400 0.84 0.86
350 400 0.86 0.88
350 400 0.88 0.9
350 400 0.9 0.91
350 400 0.91 0.92
350 400 0.92 0.93
350 400 0.93 0.94
350 400 0.94 0.95
350 400 0.95 0.955
350 400 0.955 0.96
350 400 0.96 0.965
350 400 0.965 0.97
350 400 0.97 0.975
350 400 0.975 0.98
350 400 0.98 0.985
350 400 0.985 0.99
350 400 0.99 0.995
350 400 0.995 1
400 450 -1 0.5
400 450 0.5 0.6
400 450 0.6 0.68
400 450 0.68 0.72
400 450 0.72 0.76
400 450 0.76 0.82
400 450 0.82 0.84
400 450 0.84 0.86
400 450 0.86 0.88
400 450 0.88 0.9
400 450 0.9 0.91
400 450 0.91 0.92
400 450 0.92 0.93
400 450 0.93 0.94
400 450 0.94 0.95
400 450 0.95 0.955
400 450 0.955 0.96
400 450 0.96 0.965
400 450 0.965 0.97
400 450 0.97 0.975
400 450 0.975 0.98
400 450 0.98 0.985
400 450 0.985 0.99
400 450 0.99 0.995
400 450 0.995 1
450 500 -1 0.5
450 500 0.5 0.6
450 500 0.6 0.68
450 500 0.68 0.72
450 500 0.72 0.76
450 500 0.76 0.82
450 500 0.82 0.84
450 500 0.84 0.86
450 500 0.86 0.88
450 500 0.88 0.9
450 500 0.9 0.91
450 500 0.91 0.92
450 500 0.92 0.93
450 500 0.93 0.94
450 500 0.94 0.95
450 500 0.95 0.955
450 500 0.955 0.96
450 500 0.96 0.965
450 500 0.965 0.97
450 500 0.97 0.975
450 500 0.975 0.98
450 500 0.98 0.985
450 500 0.985 0.99
450 500 0.99 0.995
450 500 0.995 1
500 550 -1 0.5
500 550 0.5 0.6
500 550 0.6 0.68
500 550 0.68 0.72
500 550 0.72 0.76
500 550 0.76 0.82
500 550 0.82 0.84
500 550 0.84 0.86
500 550 0.86 0.88
500 550 0.88 0.9
500 550 0.9 0.91
500 550 0.91 0.92
500 550 0.92 0.93
500 550 0.93 0.94
500 550 0.94 0.95
500 550 0.95 0.955
500 550 0.955 0.96
500 550 0.96 0.965
500 550 0.965 0.97
500 550 0.97 0.975
500 550 0.975 0.98
500 550 0.98 0.985
500 550 0.985 0.99
500 550 0.99 0.995
500 550 0.995 1
550 600 -1 0.5
550 600 0.5 0.6
550 600 0.6 0.68
550 600 0.68 0.72
550 600 0.72 0.76
550 600 0.76 0.82
550 600 0.82 0.84
550 600 0.84 0.86
550 600 0.86 0.88
550 600 0.88 0.9
550 600 0.9 0.91
550 600 0.91 0.92
550 600 0.92 0.93
550 600 0.93 0.94
550 600 0.94 0.95
550 600 0.95 0.955
550 600 0.955 0.96
550 600 0.96 0.965
550 600 0.965 0.97
550 600 0.97 0.975
550 600 0.975 0.98
550 600 0.98 0.985
550 600 0.985 0.99
550 600 0.99 0.995
550 600 0.995 1
600 650 -1 0.5
600 650 0.5 0.6
600 650 0.6 0.68
600 650 0.68 0.72
600 650 0.72 0.76
600 650 0.76 0.82
600 650 0.82 0.84
600 650 0.84 0.86
600 650 0.86 0.88
600 650 0.88 0.9
600 650 0.9 0.91
600 650 0.91 0.92
600 650 0.92 0.93
600 650 0.93 0.94
600 650 0.94 0.95
600 650 0.95 0.955
600 650 0.955 0.96
600 650 0.96 0.965
600 650 0.965 0.97
600 650 0.97 0.975
600 650 0.975 0.98
600 650 0.98 0.985
600 650 0.985 0.99
600 650 0.99 0.995
600 650 0.995 1
650 700 -1 0.5
650 700 0.5 0.6
650 700 0.6 0.68
650 700 0.68 0.72
650 700 0.72 0.76
650 700 0.76 0.82
650 700 0.82 0.84
650 700 0.84 0.86
650 700 0.86 0.88
650 700 0.88 0.9
650 700 0.9 0.91
650 700 0.91 0.92
650 700 0.92 0.93
650 700 0.93 0.94
650 700 0.94 0.95
650 700 0.95 0.955
650 700 0.955 0.96
650 700 0.96 0.965
650 700 0.965 0.97
650 700 0.97 0.975
650 700 0.975 0.98
650 700 0.98 0.985
650 700 0.985 0.99
650 700 0.99 0.995
650 700 0.995 1
700 750 -1 0.5
700 750 0.5 0.6
700 750 0.6 0.68
700 750 0.68 0.72
700 750 0.72 0.76
700 750 0.76 0.82
700 750 0.82 0.84
700 750 0.84 0.86
700 750 0.86 0.88
700 750 0.88 0.9
700 750 0.9 0.91
700 750 0.91 0.92
700 750 0.92 0.93
700 750 0.93 0.94
700 750 0.94 0.95
700 750 0.95 0.955
700 750 0.955 0.96
700 750 0.96 0.965
700 750 0.965 0.97
700 750 0.97 0.975
700 750 0.975 0.98
700 750 0.98 0.985
700 750 0.985 0.99
700 750 0.99 0.995
700 750 0.995 1
750 800 -1 0.5
750 800 0.5 0.6
750 800 0.6 0.68
750 800 0.68 0.72
750 800 0.72 0.76
750 800 0.76 0.82
750 800 0.82 0.84
750 800 0.84 0.86
750 800 0.86 0.88
750 800 0.88 0.9
750 800 0.9 0.91
750 800 0.91 0.92
750 800 0.92 0.93
750 800 0.93 0.94
750 800 0.94 0.95
750 800 0.95 0.955
750 800 0.955 0.96
750 800 0.96 0.965
750 800 0.965 0.97
750 800 0.97 0.975
750 800 0.975 0.98
750 800 0.98 0.985
750 800 0.985 0.99
750 800 0.99 0.995
750 800 0.995 1
800 850 -1 0.5
800 850 0.5 0.6
800 850 0.6 0.68
800 850 0.68 0.72
800 850 0.72 0.76
800 850 0.76 0.82
800 850 0.82 0.84
800 850 0.84 0.86
800 850 0.86 0.88
800 850 0.88 0.9
800 850 0.9 0.91
800 850 0.91 0.92
800 850 0.92 0.93
800 850 0.93 0.94
800 850 0.94 0.95
800 850 0.95 0.955
800 850 0.955 0.96
800 850 0.96 0.965
800 850 0.965 0.97
800 850 0.97 0.975
800 850 0.975 0.98
800 850 0.98 0.985
800 850 0.985 0.99
800 850 0.99 0.995
800 850 0.995 1
850 900 -1 0.5
850 900 0.5 0.6
850 900 0.6 0.68
850 900 0.68 0.72
850 900 0.72 0.76
850 900 0.76 0.82
850 900 0.82 0.84
850 900 0.84 0.86
850 900 0.86 0.88
850 900 0.88 0.9
850 900 0.9 0.91
850 900 0.91 0.92
850 900 0.92 0.93
850 900 0.93 0.94
850 900 0.94 0.95
850 900 0.95 0.955
850 900 0.955 0.96
850 900 0.96 0.965
850 900 0.965 0.97
850 900 0.97 0.975
850 900 0.975 0.98
850 900 0.98 0.985
850 900 0.985 0.99
850 900 0.99 0.995
850 900 0.995 1
900 950 -1 0.5
900 950 0.5 0.6
900 950 0.6 0.68
900 950 0.68 0.72
900 950 0.72 0.76
900 950 0.76 0.82
900 950 0.82 0.84
900 950 0.84 0.86
900 950 0.86 0.88
900 950 0.88 0.9
900 950 0.9 0.91
900 950 0.91 0.92
900 950 0.92 0.93
900 950 0.93 0.94
900 950 0.94 0.95
900 950 0.95 0.955
900 950 0.955 0.96
900 950 0.96 0.965
900 950 0.965 0.97
900 950 0.97 0.975
900 950 0.975 0.98
900 950 0.98 0.985
900 950 0.985 0.99
900 950 0.99 0.995
900 950 0.995 1
950 1000 -1 0.5
950 1000 0.5 0.6
950 1000 0.6 0.68
950 1000 0.68 0.72
950 1000 0.72 0.76
950 1000 0.76 0.82
950 1000 0.82 0.84
950 1000 0.84 0.86
950 1000 0.86 0.88
950 1000 0.88 0.9
950 1000 0.9 0.91
950 1000 0.91 0.92
950 1000 0.92 0.93
950 1000 0.93 0.94
950 1000 0.94 0.95
950 1000 0.95 0.955
950 1000 0.955 0.96
950 1000 0.96 0.965
950 1000 0.965 0.97
950 1000 0.97 0.975
950 1000 0.975 0.98
950 1000 0.98 0.985
950 1000 0.985 0.99
950 1000 0.99 0.995
950 1000 0.995 1
1000 1100 -1 0.5
1000 1100 0.5 0.6
1000 1100 0.6 0.68
1000 1100 0.68 0.72
1000 1100 0.72 0.76
1000 1100 0.76 0.82
1000 1100 0.82 0.84
1000 1100 0.84 0.86
1000 1100 0.86 0.88
1000 1100 0.88 0.9
1000 1100 0.9 0.91
1000 1100 0.91 0.92
1000 1100 0.92 0.93
1000 1100 0.93 0.94
1000 1100 0.94 0.95
1000 1100 0.95 0.955
1000 1100 0.955 0.96
1000 1100 0.96 0.965
1000 1100 0.965 0.97
1000 1100 0.97 0.975
1000 1100 0.975 0.98
1000 1100 0.98 0.985
1000 1100 0.985 0.99
1000 1100 0.99 0.995
1000 1100 0.995 1
1100 1200 -1 0.5
1100 1200 0.5 0.6
1100 1200 0.6 0.68
1100 1200 0.68 0.72
1100 1200 0.72 0.76
1100 1200 0.76 0.82
1100 1200 0.82 0.84
1100 1200 0.84 0.86
1100 1200 0.86 0.88
1100 1200 0.88 0.9
1100 1200 0.9 0.91
1100 1200 0.91 0.92
1100 1200 0.92 0.93
1100 1200 0.93 0.94
1100 1200 0.94 0.95
1100 1200 0.95 0.955
1100 1200 0.955 0.96
1100 1200 0.96 0.965
1100 1200 0.965 0.97
1100 1200 0.97 0.975
1100 1200 0.975 0.98
1100 1200 0.98 0.985
1100 1200 0.985 0.99
1100 1200 0.99 0.995
1100 1200 0.995 1
1200 1300 -1 0.5
1200 1300 0.5 0.6
1200 1300 0.6 0.68
1200 1300 0.68 0.72
1200 1300 0.72 0.76
1200 1300 0.76 0.82
1200 1300 0.82 0.84
1200 1300 0.84 0.86
1200 1300 0.86 0.88
1200 1300 0.88 0.9
1200 1300 0.9 0.91
1200 1300 0.91 0.92
1200 1300 0.92 0.93
1200 1300 0.93 0.94
1200 1300 0.94 0.95
1200 1300 0.95 0.955
1200 1300 0.955 0.96
1200 1300 0.96 0.965
1200 1300 0.965 0.97
1200 1300 0.97 0.975
1200 1300 0.975 0.98
1200 1300 0.98 0.985
1200 1300 0.985 0.99
1200 1300 0.99 0.995
1200 1300 0.995 1
1300 1500 -1 0.5
1300 1500 0.5 0.6
1300 1500 0.6 0.68
1300 1500 0.68 0.72
1300 1500 0.72 0.76
1300 1500 0.76 0.82
1300 1500 0.82 0.84
1300 1500 0.84 0.86
1300 1500 0.86 0.88
1300 1500 0.88 0.9
1300 1500 0.9 0.91
1300 1500 0.91 0.92
1300 1500 0.92 0.93
1300 1500 0.93 0.94
1300 1500 0.94 0.95
1300 1500 0.95 0.955
1300 1500 0.955 0.96
1300 1500 0.96 0.965
1300 1500 0.965 0.97
1300 1500 0.97 0.975
1300 1500 0.975 0.98
1300 1500 0.98 0.985
1300 1500 0.985 0.99
1300 1500 0.99 0.995
1300 1500 0.995 1
1500 1750 -1 0.5
1500 1750 0.5 0.6
1500 1750 0.6 0.68
1500 1750 0.68 0.72
1500 1750 0.72 0.76
1500 1750 0.76 0.82
1500 1750 0.82 0.84
1500 1750 0.84 0.86
1500 1750 0.86 0.88
1500 1750 0.88 0.9
1500 1750 0.9 0.91
1500 1750 0.91 0.92
1500 1750 0.92 0.93
1500 1750 0.93 0.94
1500 1750 0.94 0.95
1500 1750 0.95 0.955
1500 1750 0.955 0.96
1500 1750 0.96 0.965
1500 1750 0.965 0.97
1500 1750 0.97 0.975
1500 1750 0.975 0.98
1500 1750 0.98 0.985
1500 1750 0.985 0.99
1500 1750 0.99 0.995
1500 1750 0.995 1
1750 2000 -1 0.5
1750 2000 0.5 0.6
1750 2000 0.6 0.68
1750 2000 0.68 0.72
1750 2000 0.72 0.76
1750 2000 0.76 0.82
1750 2000 0.82 0.84
1750 2000 0.84 0.86
1750 2000 0.86 0.88
1750 2000 0.88 0.9
1750 2000 0.9 0.91
1750 2000 0.91 0.92
1750 2000 0.92 0.93
1750 2000 0.93 0.94
1750 2000 0.94 0.95
1750 2000 0.95 0.955
1750 2000 0.955 0.96
1750 2000 0.96 0.965
1750 2000 0.965 0.97
1750 2000 0.97 0.975
1750 2000 0.975 0.98
1750 2000 0.98 0.985
1750 2000 0.985 0.99
1750 2000 0.99 0.995
1750 2000 0.995 1
2000 2500 -1 0.5
2000 2500 0.5 0.6
2000 2500 0.6 0.68
2000 2500 0.68 0.72
2000 2500 0.72 0.76
2000 2500 0.76 0.82
2000 2500 0.82 0.84
2000 2500 0.84 0.86
2000 2500 0.86 0.88
2000 2500 0.88 0.9
2000 2500 0.9 0.91
2000 2500 0.91 0.92
2000 2500 0.92 0.93
2000 2500 0.93 0.94
2000 2500 0.94 0.95
2000 2500 0.95 0.955
2000 2500 0.955 0.96
2000 2500 0.96 0.965
2000 2500 0.965 0.97
2000 2500 0.97 0.975
2000 2500 0.975 0.98
2000 2500 0.98 0.985
2000 2500 0.985 0.99
2000 2500 0.99 0.995
2000 2500 0.995 1
2500 3000 -1 0.5
2500 3000 0.5 0.6
2500 3000 0.6 0.68
2500 3000 0.68 0.72
2500 3000 0.72 0.76
2500 3000 0.76 0.82
2500 3000 0.82 0.84
2500 3000 0.84 0.86
2500 3000 0.86 0.88
2500 3000 0.88 0.9
2500 3000 0.9 0.91
2500 3000 0.91 0.92
2500 3000 0.92 0.93
2500 3000 0.93 0.94
2500 3000 0.94 0.95
2500 3000 0.95 0.955
2500 3000 0.955 0.96
2500 3000 0.96 0.965
2500 3000 0.965 0.97
2500 3000 0.97 0.975
2500 3000 0.975 0.98
2500 3000 0.98 0.985
2500 3000 0.985 0.99
2500 3000 0.99 0.995
2500 3000 0.995 1
3000 5000 -1 0.5
3000 5000 0.5 0.6
3000 5000 0.6 0.68
3000 5000 0.68 0.72
3000 5000 0.72 0.76
3000 5000 0.76 0.82
3000 5000 0.82 0.84
3000 5000 0.84 0.86
3000 5000 0.86 0.88
3000 5000 0.88 0.9
3000 5000 0.9 0.91
3000 5000 0.91 0.92
3000 5000 0.92 0.93
3000 5000 0.93 0.94
3000 5000 0.94 0.95
3000 5000 0.95 0.955
3000 5000 0.955 0.96
3000 5000 0.96 0.965
3000 5000 0.965 0.97
3000 5000 0.97 0.975
3000 5000 0.975 0.98
3000 5000 0.98 0.985
3000 5000 0.985 0.99
3000 5000 0.99 0.995
3000 5000 0.995 1
5000 30000 -1 0.5
5000 30000 0.5 0.6
5000 30000 0.6 0.68
5000 30000 0.68 0.72
5000 30000 0.72 0.76
5000 30000 0.76 0.82
5000 30000 0.82 0.84
5000 30000 0.84 0.86
5000 30000 0.86 0.88
5000 30000 0.88 0.9
5000 30000 0.9 0.91
5000 30000 0.91 0.92
5000 30000 0.92 0.93
5000 30000 0.93 0.94
5000 30000 0.94 0.95
5000 30000 0.95 0.955
5000 30000 0.955 0.96
5000 30000 0.96 0.965
5000 30000 0.965 0.97
5000 30000 0.97 0.975
5000 30000 0.975 0.98
5000 30000 0.98 0.985
5000 30000 0.985 0.99
5000 30000 0.99 0.995
5000 30000 0.995 1
