variables: Pmu Pmu CosThetamu CosThetamu
0 600 -1 0.7
0 600 0.7 0.8
0 600 0.8 0.86
0 600 0.86 0.9
0 600 0.9 0.94
0 600 0.94 0.96
0 600 0.96 0.97
0 600 0.97 0.98
0 600 0.98 0.99
0 600 0.99 1
600 800 -1 0.7
600 800 0.7 0.8
600 800 0.8 0.86
600 800 0.86 0.9
600 800 0.9 0.94
600 800 0.94 0.96
600 800 0.96 0.97
600 800 0.97 0.98
600 800 0.98 0.99
600 800 0.99 1
800 1500 -1 0.7
800 1500 0.7 0.8
800 1500 0.8 0.86
800 1500 0.86 0.9
800 1500 0.9 0.94
800 1500 0.94 0.96
800 1500 0.96 0.97
800 1500 0.97 0.98
800 1500 0.98 0.99
800 1500 0.99 1
1500 30000 -1 0.7
1500 30000 0.7 0.8
1500 30000 0.8 0.86
1500 30000 0.86 0.9
1500 30000 0.9 0.94
1500 30000 0.94 0.96
1500 30000 0.96 0.97
1500 30000 0.97 0.98
1500 30000 0.98 0.99
1500 30000 0.99 1
